10106 | s | 1 2 | 3 4 5 | 7 8 9 10 11 12 13 14 15 17 18 19 21 22
10117 | s | 1 2 | 3 | 5 6 7 9 10 11 12 13 14 15 16
10122 | s | 1 2 3 4 5 7 8 10 11 12 13 | 14 15 16 | 18 19 20 21 22 23 24 25 26 27
10152 | s | 1 2 3 | 4 5 6 7 | 8
10215 | s | 1 | 2 3 | 5 6 8 9 10 11 12 13 14 15 16 17 18
10274 | o | 16 17 | 1 2 4 5 6 7 8 9 10 12 13 14 15 18 | 20 21 22 23 24 25 26 27 28 29 30 31
1029 | s | 12 | 1 2 3 4 5 7 8 9 11 13 14 | 16 17 18 19 20 21 22 23
10302 | s | 1 2 3 4 5 | 6 7 8 9 | 11 12 13 14 15
10327 | s | 3 5 6 | 8 9 10 11 12 13 | 15 16 17 18 19 20
10385 | s | 15 | 16 17 18 19 20 21 22 23 24 25 26 | 28 29 30
10399 | s | 3 5 6 | 8 9 10 11 12 13 | 15 16 17 18 19 20
10437 | s | 10 | 11 12 13 14 15 | 17 18 19 20 21 22 23 24 25
10454 | s | 1 2 3 4 5 6 | 7 8 9 10 11 | 13 14 15 16 17 18 19 20 21 22 23 24 25 26 27 28 29 30
10458 | s | 1 2 3 4 6 8 9 | 10 11 12 13 | 15 16 17 18 19 20 21 22
105 | s | 6 | 2 3 4 5 7 9 10 11 | 13 14 16 17 18
10573 | s | 24 | 32 25 27 28 29 30 31 | 34 35 36 37
10584 | s | 4 5 6 | 8 | 11 12 13 14 15 16 17 18 19
10593 | s | 1 3 4 5 6 7 | 8 13 14 15 16 17 18 19 20 21 22 23 24 25 26 28 29 30 31 32 33 34 | 9 10 11
10594 | o | 2 3 | 4 5 | 7 8 9 10 11 12 13 14 15 16 17 18 20 21 22 23 24
10631 | s | 1 | 2 3 4 5 6 7 | 9 10 11 12 13 14 15 16 17
10634 | s | 1 2 3 4 5 6 | 7 8 9 10 | 12 13 14 15 16 17
10637 | s | 1 | 2 3 | 5 6 7 8 9 10 11
10662 | o | 4 5 | 1 2 3 | 7 8 9 10 11 12 13
10702 | o | 5 6 | 1 2 3 4 | 8 9 10 11 12 13 14 15 16 17
10726 | s | 14 | 1 2 3 4 5 6 8 9 10 11 13 15 | 17 18 20 22 23 24 25 26
10736 | s | 7 8 9 | 13 14 | 16 17 18 19 20 21 22 23 24 25 26 27 28
10744 | s | 1 2 | 3 4 | 6 7 8 9
10757 | o | 1 2 3 4 5 | 17 18 19 | 21 22 23
10766 | s | 8 | 9 10 11 12 13 14 15 | 17 18 19 20
1079 | s | 1 2 3 4 5 | 6 7 8 9 10 11 12 13 14 15 16 17 18 19 20 | 22 23 24 25 26 27 28
10912 | o | 13 14 15 16 17 18 19 20 21 22 | 1 2 3 4 5 6 7 8 9 10 11 12 23 | 25 26 27 28 29 30
10947 | o | 14 15 16 | 1 2 3 4 5 6 7 8 9 10 11 12 13 17 | 19 21 23 24 25 26 27
10957 | s | 12 | 13 14 15 | 17 18 19 20 21
10963 | s | 1 2 3 4 6 7 8 | 10 11 12 13 14 15 16 17 18 | 20 21 22 23 24 25 26 27 28 29
11008 | s | 10 | 7 8 9 11 12 | 14 15 16 17 18 19 20 21 22 23
11034 | s | 1 2 3 | 4 5 6 7 8 9 10 11 12 | 14 15 16 17 18 19 20
11043 | s | 1 2 | 3 4 5 | 7 8 9 10 11 12 13 14 15 16 17
11061 | s | 1 | 2 3 5 6 7 8 | 10 11
11101 | s | 1 | 2 3 4 5 6 7 | 9 10 11
11107 | s | 1 2 | 3 4 5 6 7 8 9 | 11 12 13 14 15 16 17 18 19 20 21 22 23 24 25 26 27 28
11128 | o | 7 8 | 9 10 11 12 | 14 15 16 18 19 20 21 22 23 24 25 26 27 28 29 31 32 33 34
11152 | s | 8 | 1 2 3 4 5 7 | 9 10 11 12 13 14 15
11204 | s | 14 | 18 | 21 22 23 24
11222 | s | 16 17 | 14 15 18 | 20 21 22 23
11229 | s | 4 5 | 1 2 3 6 | 8 9 10 11 12 13 14 15 16 17 18 19
11246 | s | 1 2 | 3 4 | 6 7 8 9 10 11 12 13 14 15 16 17 18 19
11339 | s | 24 25 26 | 29 | 30 31 32 33 34 35 36
11386 | s | 2 | 1 3 4 | 6 7 8 9 10 11 12 13 14 15 16 18 19 20 21
11419 | s | 36 | 35 39 | 37 38
11466 | s | 30 | 37 | 31 32 33 34 35 36
11532 | s | 4 | 1 2 3 5 6 9 | 7 8
11598 | s | 10 | 21 | 11 12 13 14 15 16 17 18 19 20
11738 | s | 1 | 4 | 6 7 8 9 10 11 12 13 14 15 16
1174 | o | 4 | 1 2 3 5 | 7 8 9 10
11754 | s | 18 | 17 19 20 21 24 | 22 23
11761 | s | 13 14 15 | 12 16 17 | 2 3 4 5 6 7 8 9
11766 | s | 12 13 14 15 | 10 11 16 17 19 20 21 22 23 26 27 28 29 30 31 32 33 34 36 37 38 | 40 41
11773 | s | 10 | 5 6 7 8 9 11 12 13 | 1 2 3 4
11815 | s | 5 | 1 2 3 4 6 | 8 9 10 11 12 13 15 16 17 18 19 20 21 22 23 25 26 27
11826 | o | 27 28 29 | 1 2 3 4 5 7 8 9 10 11 12 13 15 16 17 18 19 20 21 22 23 24 26 30 31 32 | 33 34
11877 | s | 1 | 2 3 4 6 7 11 12 13 14 15 16 17 18 19 20 21 | 9
11904 | s | 3 | 1 2 4 | 6 7 8 9 10 12 13 14 15 16 18 19 21 22 23 24 25 26 27 28 29 30 31 32 33 34 35 37 38 39 40 41 42 43
11928 | s | 1 2 | 3 4 | 6 7 8 9 10 11 12 14 15 16 17 18 20 21
12067 | s | 7 | 1 2 3 4 5 6 8 9 | 11 12 14 15 16 17 18 20 21 22 23 25 26 27 28 29
12080 | s | 8 9 | 11 | 13 14 15 16 17 18 19 20 21 22
12220 | s | 1 2 4 5 6 7 8 9 10 11 12 | 14 | 16 17 18 19 20 21 22 23 24
12226 | s | 9 10 | 1 2 3 4 5 6 7 8 11 12 13 14 15 16 17 18 19 | 20 21
12308 | s | 1 2 | 3 4 6 7 | 9 11 13 14 15
12461 | s | 1 2 3 4 | 5 6 7 8 9 10 11 | 13 14 15 16 17 18 19 20
12494 | o | 4 5 | 1 2 3 6 | 8 9 11 12 14 15 17 18 19 20 21 22 23 24 25 27 28 29
12513 | s | 1 2 | 3 | 5 6 7 8 9 10
1255 | s | 3 | 1 2 4 5 6 9 11 12 13 14 15 16 17 18 19 20 21 22 23 24 | 7 8
12579 | s | 2 3 | 4 | 6 7 8
12625 | s | 4 5 | 2 3 6 7 8 9 | 11 12 14 15 16 17 19
12685 | s | 4 | 2 3 5 6 7 | 9 10 11 12 14 15 16 17 18 19 20 21
12733 | s | 9 10 | 13 | 17 18 19 20 21 22 23 24 25 27 28 30 31 32 33 34 35 36
12805 | s | 13 | 14 15 16 | 18 19 20 21 22
1281 | o | 18 | 1 2 4 5 6 7 8 9 10 11 12 13 14 15 17 19 | 21 22 23 24 25 26 27 28 29 30 31
12811 | s | 1 2 3 4 6 7 8 | 10 11 12 13 14 15 16 | 18 19 20 21 22 23 24 25 26 27
12819 | s | 1 | 2 3 | 5 6 7 8 9 10 11 13 14 15 16 17 18
12836 | s | 5 6 | 1 2 3 4 | 8 9 10 11 12 13 14 15
12837 | s | 3 4 | 1 2 5 | 7 8 9
12839 | o | 3 4 | 1 2 | 7 8 9 10 11 12 13 14 15
12846 | s | 1 2 | 3 4 5 | 7 8 9 10 11
1286 | s | 5 | 1 2 3 4 6 7 | 9 10 11 12 13 14 15 16 17 18 19 20 21 22
12866 | s | 1 2 3 | 4 5 6 7 | 9 10 11 12 13 14 15
12886 | s | 12 | 13 14 | 16 17 18 19 20 21 22 23 24 25 26
12889 | s | 6 7 8 9 | 1 2 3 4 5 10 | 12 13 14 15 16
12922 | s | 4 | 1 2 3 | 6 7 8 9 10 11 12 14 15 16 17 18 19 20
12935 | s | 1 2 | 3 4 5 6 7 8 9 | 11 12 13 14 15 16 17 18 19
1294 | s | 1 2 3 4 5 6 7 8 9 10 11 | 12 13 | 15 16 17 18 19 20
13067 | o | 3 4 5 | 1 2 6 7 8 9 10 11 | 13 14 15 16
13074 | s | 3 4 | 1 2 5 6 7 | 9 10 11
13112 | s | 1 2 | 3 4 5 6 7 8 9 | 11 12 13 14 15 16 17 18 19 20 21 22 23 24 25 26 27 28
13174 | s | 1 | 2 3 4 5 6 7 | 9 10 11
13195 | o | 1 2 4 5 6 7 8 | 10 11 12 13 | 15 16 17 18 19 20 21 22 23 24 25
13208 | s | 1 | 2 3 4 | 6 7 8 9 10 11 12
13287 | s | 1 3 4 5 | 7 8 | 10 11 12 13 14 15 16 17 18
13325 | s | 1 2 | 3 | 4 5 6 7 8 9 10 11
13353 | s | 3 4 | 1 2 | 6 7 8 9 10 11 12 13 14 15 16
13358 | s | 1 2 3 4 | 5 6 7 8 9 10 11 12 | 14 15 16 17 18
13411 | s | 2 3 | 4 5 6 | 22 23 24 25 26 27 28 29 30 31 32 33 34 35 36 37
13430 | o | 1 2 | 12 13 | 15 16 17 18 19 20
13456 | s | 1 | 2 | 4 5 6 7 8 9 10
13536 | o | 1 2 | 3 4 5 6 7 9 10 11 12 13 14 15 16 17 | 19 20 21 23 24 25 26 27 28 29 30
13537 | s | 13 | 16 | 20 21 22 24 25
13578 | o | 5 6 7 9 10 11 | 1 2 3 4 13 14 15 | 17 18 19 20
13581 | s | 1 2 3 | 4 5 6 | 8 9 10
13620 | s | 1 2 | 3 | 5 6 7 8 9 10 11 12 13
13665 | o | 6 7 | 8 | 10 11 12 13 14 15
13688 | s | 1 2 3 4 | 12 13 14 | 16 17 18
13693 | s | 1 2 | 3 | 5 6 7 8 9 10 11 12 13
13723 | s | 5 6 | 1 2 3 4 | 8 9 10 11 12 13 14
13787 | s | 11 | 7 8 9 10 | 12 13 14 15 16 17 18 19 20 21 22 24 25 26 27 28 29 30
13838 | s | 5 6 | 1 2 3 4 9 11 12 13 14 15 | 7 8
13847 | s | 7 8 | 1 2 3 4 5 6 | 10 11 12 13 14 15 16 17 18 19 20 21
13886 | s | 20 | 21 22 | 24 25 26
13888 | s | 5 6 | 14 15 | 17 18 19 20 21
13964 | s | 3 4 5 | 2 6 7 | 9 10 11
13992 | s | 1 | 2 | 4 5 6 7 8 10 12 13 14 15 16 17 18 20 21 22 23 24 25 26 27 28
14102 | o | 11 12 | 1 2 3 4 5 6 7 8 9 10 13 14 15 | 17 18 19 20 21 22 23
14115 | s | 1 | 2 9 10 11 12 13 14 15 16 17 18 | 3 4 5 6 7
14123 | o | 1 | 2 3 4 5 6 7 8 9 | 11 12 14 15 16 17 19 20 21 22 23 25 26 27 29
14124 | s | 15 | 1 2 3 4 6 7 8 9 10 11 12 14 | 17 18 19
14271 | s | 1 2 | 3 4 | 6 7 8 9 10 11 12 13 14 15
14353 | s | 1 2 3 4 | 5 6 7 8 9 10 11 12 13 | 15 16 17 18 19 20 21 22 23 24 25 26 27 28 29
14458 | s | 3 4 | 1 2 5 6 7 8 9 | 11 12 14 16 17 18 19 20 21 22 23 24
14505 | s | 10 11 12 | 1 2 3 4 5 7 9 13 14 | 16 17 18 19 20 21 22 23
1453 | s | 10 11 12 | 13 | 15 16 17 18 19 20
14600 | s | 1 | 2 3 4 7 8 9 | 5 6
14623 | s | 1 2 3 | 4 5 6 | 8 9 10 11 12 13 14 15 17 18 19 20 21 22 23 24 26 27 29
1480 | s | 1 | 2 3 4 | 6 7 8 9 10 11 12 13 14 15 16 17 18 19 20 21
1482 | s | 8 9 10 | 11 12 | 14 15 16 17 18 19 20 21 22 23 24 25 26 27 28 29 30
14824 | s | 1 | 2 | 4 5 6 7 8 9
1492 | s | 1 | 2 3 4 5 6 7 8 9 10 | 12 13 14 15 16 17 18 19 20 21 22
1498 | s | 8 | 9 10 11 12 13 14 15 16 | 18 19 20
14984 | o | 20 21 22 23 | 1 2 3 4 5 6 7 8 9 10 11 12 13 14 15 16 18 19 | 25 26 27 28 29 30 31 32 33 34 35
15015 | s | 22 | 20 21 23 24 25 26 27 28 29 30 31 32 33 34 35 | 7 8 9 10 11 12 13 14 15 16 17 18
1502 | s | 12 | 20 | 22 23 24 25 26
15020 | s | 1 2 3 | 4 5 6 7 | 10 11 12 14 15 16 17 18 20 21 22 23 24 25 26 27 28 29
15046 | s | 5 | 1 2 3 4 6 7 8 10 11 12 13 | 15 17 18 19 20 22 23 24 25 26 27 28 29
15102 | s | 6 | 1 2 3 4 5 7 8 | 10 11 12 13
15147 | s | 1 2 | 3 4 | 6 7 8 9 10 11 12
15230 | s | 1 2 | 3 4 | 6 7 8 9 10 11 12 13 14 15 16
1524 | o | 3 4 5 6 8 | 1 2 10 | 12 13 14 15 16 17 18 19 20 21 22
15256 | s | 1 2 | 3 4 5 | 7 8 9 10 11 12
15367 | s | 1 2 3 4 5 6 | 7 8 | 10 11 12 13 14 15 16 17
15422 | o | 13 14 | 1 2 3 4 5 6 7 8 9 10 11 12 | 16 17 18 19 20 21
15467 | s | 16 17 18 20 | 1 2 3 4 5 6 7 8 10 12 13 14 15 22 23 | 25 26 27 28
1549 | s | 20 | 11 12 13 14 15 16 17 18 19 21 22 | 23
15503 | s | 5 6 | 7 8 | 10 11 12 13 14
15510 | s | 21 22 | 20 23 24 | 26 28 30 31 32 33 34
15525 | s | 1 2 3 | 4 5 6 7 | 9 10 11 12 13 14 15 16 17 18 19 20 21 22
15561 | s | 1 | 2 | 4 5 6 7 8 9 10
15565 | s | 1 | 2 3 | 5 6 7 8 9 10 11 12 13
15568 | s | 1 2 3 4 5 7 8 | 10 11 12 13 14 15 16 | 18 19 21 22 23 25 26
15570 | s | 1 | 2 3 | 5 6 7 8 10 11 12 13 14 15
15571 | s | 1 2 3 4 5 6 | 7 8 | 10 11 12 13 14 15 16 17 18 19 20 21 22 23 24 25 26
1564 | s | 1 | 2 3 | 5 6 7 8 9 10 11 12 13 14 15 16 17 18 19
15666 | o | 12 13 | 1 2 3 4 5 6 7 8 9 10 11 14 | 16 17 18
15703 | s | 1 2 | 3 4 | 6 7 8 9 10 11 12 14 15 16 17 18 19 21
15739 | s | 12 13 15 16 17 18 19 20 21 | 1 2 3 4 5 6 7 8 9 10 11 | 23 24 25 26 27 28 29 30 31 32 33 34 35 36 37
15747 | o | 15 16 17 18 | 22 | 24 25 26 27 28 29 30 31 32
15753 | o | 15 16 17 18 | 22 | 24 25 26 27 28 29 30 31 32
15759 | s | 1 | 2 3 4 5 | 7 8 9 10
15825 | s | 6 | 1 2 3 4 5 | 8 9 11 12 13 14 15 16
15888 | s | 1 | 2 3 4 5 6 | 8 9 10 11 12 13 14 15
15890 | o | 5 6 | 1 2 3 4 7 8 9 | 11 12 13 14 15 16 17 18 19 20
15935 | s | 1 2 | 3 4 5 6 7 8 9 10 | 12 13 14 15
15958 | s | 11 | 1 2 3 4 5 6 7 8 9 10 15 16 17 18 19 20 21 22 23 24 25 26 | 12 13
15968 | s | 2 3 4 5 | 6 7 8 9 10 | 12 13 14 15
15976 | s | 10 11 12 | 1 3 4 6 7 8 9 13 | 15 16 17 18 19 20 21 22 23
16036 | s | 8 9 | 1 2 3 4 5 6 7 10 | 12 13 14 15 16 17 18
16040 | s | 2 | 3 4 5 6 7 | 9 10 11 12 13 14 15 16
16078 | s | 5 6 7 | 1 2 3 4 8 9 10 11 12 13 14 | 16 17 18
1608 | s | 13 | 1 2 3 4 5 6 7 8 9 10 11 12 | 14 15
16084 | o | 6 7 | 1 2 3 4 5 8 9 10 | 12 13 14 15 16 17 18 19 20 21 22 23 24 25
16086 | s | 1 2 3 | 4 5 6 7 8 9 | 11 12 13 14 15 16
16097 | s | 1 2 | 3 4 | 6 7 8 9 10
16106 | s | 1 | 2 3 4 5 6 7 8 | 10 11 12 14 15 16
16196 | s | 6 7 9 10 11 12 13 14 15 | 1 2 3 4 17 18 | 19 20 21 22 23 24
16325 | s | 1 2 3 4 5 6 8 9 10 11 12 | 14 15 16 17 | 19 20 21 22 23 24
16415 | s | 6 | 11 | 7 8 9 10
1651 | s | 32 | 33 34 35 36 37 38 31 | 40 41 42 43 44 45
16576 | s | 1 2 4 5 6 7 8 9 11 12 13 15 16 | 18 19 20 21 22 23 24 25 | 27 28 30 32 33 34 35
16636 | s | 3 | 1 2 | 5 6 7 8 9 10 11 12 13 14 15
16641 | s | 1 2 3 | 11 12 13 14 15 | 17 18 19 20 21 22 24 25 26 27 28 29 30 31 32 34 35 36 37 38 39 40 41 42
16649 | s | 34 | 33 | 35 36 37 38 39 40 41 42 43 44 45 46 47 48
16747 | s | 14 | 13 15 16 24 | 17 18 19 20 21 22 23
17065 | s | 11 | 12 | 14 15 16 17 18 19 20
17110 | s | 3 4 | 1 2 | 6 7 8 9 10 11 12 13 14 16 17 18 20 21 22
17170 | s | 9 | 10 11 | 14 16 17 18 19 20 21
17417 | s | 17 | 11 14 16 | 19 20 21 22 23 24 25 26 27
17422 | s | 1 2 | 3 4 | 7 8 9 10 11 12 13 14 15 16 17
17449 | s | 14 | 15 | 16 17 18 19 20 21 22 23
17495 | s | 1 | 2 3 4 5 6 | 8 9 10 11 12 13 14 15 16 17 18 19 20 21
1750 | s | 1 | 2 3 4 5 | 7 8 9 10 11 13 14 15 16 17 18 19 20 21
17538 | s | 17 | 11 14 16 | 19 20 21 22 23 24 25 26 27
1754 | s | 1 | 2 3 4 6 7 | 10 11 12 13 14 15 16 17 18 19 20 21 22 23 24 25 26 27
17543 | s | 1 2 | 3 4 | 7 8 9 10 11 12 13 14 15 16 17
17636 | s | 45 | 79 | 46 47 49 50 51 52 54 55 56 58 59 60 61 62 63 64 65 66 67 68 69 70 72 73 74 75 77
17752 | s | 1 2 | 4 | 6 7 8 9 10 11 12 13 14 15 16 18 19 20
1785 | o | 3 4 | 1 2 5 | 7 8 9 10 11 12 13 14 15 16
17871 | s | 1 2 | 5 | 7 8 9 10 11 12 13 14 15 16
17920 | s | 45 | 43 44 | 46 47 48 50 52 53 54 55 56 57 58 59 60 61 62 63
17925 | s | 6 7 | 1 2 4 5 8 9 10 11 12 13 14 15 | 17 18 19 20 21 22 23 24
18011 | s | 4 5 6 7 | 1 2 3 8 9 10 11 12 | 14 15 16 17 18 19 20 21 22 23
18217 | s | 1 2 | 3 | 6 7 8 10 11
18228 | s | 8 | 2 3 4 5 7 9 10 | 11 12 13 14
18273 | s | 2 | 18 | 3 4 5 6 8 9 10 11 12 13 14 15 16 17
18274 | s | 3 4 5 | 6 | 7 8
18293 | o | 5 6 | 7 8 | 10 11 12 13 14 15 17 18 19 20 21 22 24 25 26 27 28 29
1831 | s | 1 | 2 | 4 5 6 7 8 9 10 11 12
18311 | s | 23 | 39 21 22 | 24 25 26 27 28 29 30 31 32 33 34 35 36 37 38
18315 | s | 26 | 35 | 27 28 29 30 31 32 33 34
18401 | s | 1 | 2 3 | 5 6 7 8 9
18431 | s | 3 | 1 2 5 6 7 | 9 10 11 12 13
18462 | s | 11 | 18 19 20 | 22 23 24 25 26
18599 | s | 6 7 8 9 | 17 | 19 20 21 22 23 24 25
18678 | o | 5 6 8 9 10 | 1 2 3 4 | 12 13 14 15 16 17 18 19 20
18762 | s | 1 2 | 3 4 5 6 7 8 9 10 | 12 13 14 15 16 17 18 19 20 21 22
18766 | s | 1 2 | 3 4 | 6 7 8 9 10 11 12
18845 | s | 12 13 14 | 6 7 8 9 10 11 15 | 17 18 19 20 21 22
18884 | s | 6 | 1 2 3 4 5 7 | 9 10 11 12 13 14 15 16 17 18 19 20 21 22 23 24 25 26 27
18888 | s | 1 2 3 4 6 7 9 | 12 13 14 15 | 17 18 19 20 22 23 25
18901 | s | 1 | 2 3 4 | 6 7 8 9 10 11
18973 | o | 16 17 18 19 21 | 13 14 15 23 | 25 26 27 28 29 30 31 32 33 34 35 36 38 39 40 41 42 43
18977 | s | 1 | 19 | 21 22 23 24 25 26 27 28 29 30 31
18979 | s | 1 | 5 | 7 8 9 10 11 12 14 16 18 19 20 22 23 24
19006 | s | 25 26 | 24 27 | 11 12 13 14 15 16 17 18 19 20 21 22
19064 | o | 16 17 18 | 19 | 21 22 23 24 25 26 27
19094 | o | 8 9 | 1 2 3 5 7 10 11 12 13 | 15 16 17 18 19 20 21 22
19121 | s | 1 | 6 | 9 10 11
19160 | s | 3 4 | 6 7 | 9 10 11 12 13 14 15 16 17 18 19 20 21 22 23
19162 | o | 22 23 | 21 24 | 26 27 29 30 31 32 34
19167 | s | 12 13 | 11 14 15 16 | 18 19 20 21 23 24 25 26 27
19180 | o | 6 | 4 5 7 8 9 | 11 12 13 14 15 16 17 18 19 20 21 22 23 24 25
19203 | s | 6 | 7 | 9 10 11 12 13 14 15
19221 | o | 15 16 | 1 2 4 5 6 8 9 10 11 12 13 14 | 19 20 21 22 23 24 25 26
19238 | s | 3 4 | 1 2 | 6 7 8 9 10 11 12
19247 | s | 9 10 | 8 11 | 13 14 15 16 17 18 19 20
19252 | o | 7 8 | 1 2 3 4 5 6 | 10 11 12 13 14 15 16 17 18 19 20 21 22 23 24
19255 | s | 1 | 2 3 | 5 6 7 8 10 11 13 14 15 16 17 18 19 20 21 22 23
19302 | o | 7 8 9 10 11 | 1 2 3 4 5 6 | 13 14 15
19309 | s | 1 2 3 4 5 6 7 8 9 10 12 14 16 17 18 19 20 21 23 24 | 26 27 28 | 30 31 32 33 34 35 36 37 38 39
19337 | o | 11 12 | 1 2 3 4 5 6 7 8 9 10 13 14 | 16 17 18 19 20 21 22 23 24 25
19344 | s | 1 | 2 3 | 5 6 8 9 11 12 13 14
19351 | s | 20 | 21 22 | 25 26 27 28 29
19355 | s | 3 4 5 | 6 7 | 9 10 11 12 14 15 16 17 18
19355 | o | 9 | 10 11 12 | 14 15 16 17 18
19376 | s | 1 2 3 4 5 | 6 | 8 9 10 11 12 13 14 15 16 17 18 19 20 21
19393 | s | 1 | 2 3 4 | 6 7 8 9 10 11 12
19394 | s | 1 | 2 3 4 5 | 7 8 9 10 11 12 13 14 15 17 18 19 20
19442 | s | 1 2 | 3 | 5 6 7
19456 | o | 3 4 | 1 2 5 | 8 9 10 11 12 13 14 15
19521 | s | 1 2 3 4 | 5 6 7 8 | 10 11 12 13 14 15
19550 | o | 7 8 9 10 11 | 1 2 3 4 5 6 12 13 | 15 16 18 20 21 22 23 25 26 27 28 29 30 31
1961 | s | 3 4 | 1 2 5 | 7 8 9 10 11 12 13
19687 | s | 1 2 | 5 | 8 9 10 11 12 13 14 15
19699 | o | 6 | 1 2 3 4 5 7 8 | 10 11 12 13 14 15 16 17 18 19 20 21 22 23
19701 | s | 1 2 3 | 4 | 6 7 8 9 10
19704 | o | 3 4 | 5 | 7 8 9 10
1978 | o | 3 4 | 1 2 5 | 7 8 9 10 11 12 13 14 15 16 18 19 21 22 23 24 25
19788 | s | 1 2 4 5 6 7 8 | 10 | 12 13 14 15 16 17 18 19 20 21 23 24 25 27 28 29 31
19802 | s | 1 2 | 3 4 | 6 7 8 9 10 11 12 13 14 15 16 17 18 19
19842 | o | 4 5 | 1 2 3 6 | 8 9 10 11 12 13 15 16 17 18 19 20 21 22
19895 | o | 4 5 | 3 6 7 9 10 11 12 | 14 15 16 17 18 19 20
19997 | s | 24 25 | 23 33 35 36 37 38 39 40 41 42 43 44 45 46 47 48 49 50 51 | 26 27 28 29 30 31 32
20 | s | 1 2 4 5 6 7 8 10 11 12 | 14 15 16 | 17 18
20010 | s | 3 | 1 2 4 | 6 7 8 9 10 12 14 15
20097 | s | 1 | 2 3 4 5 6 | 8 9 10 12 13 14 15 16
20228 | s | 1 2 | 10 11 12 | 14 15 16 17 19 20 21 22
20254 | s | 1 2 | 6 | 8 9 11 12 13 14
20318 | s | 2 3 | 1 4 5 | 6 7 8 9 10 11 12 13 14
20370 | s | 1 2 | 3 4 | 6 7 8 9 10 11 12 13
20393 | s | 1 2 3 4 5 | 14 | 16 17 18 19 20
20400 | s | 1 2 | 3 | 5 6 7 8 9 10 11 12 13 14 15 16 17
20413 | s | 5 6 | 1 2 3 4 8 10 11 12 13 14 15 | 17 18 19 20 21 22 23 24
20482 | s | 6 7 | 1 2 3 4 5 8 9 10 11 12 13 | 15 16 17 18 19 20 21
20494 | s | 2 | 3 4 5 7 8 9 10 11 12 13 14 15 16 | 18 19 20 21 22 23 24 25 26 27 28 29
20552 | s | 14 | 10 11 12 13 15 16 | 18 19
20567 | s | 1 2 3 | 4 5 6 7 | 9 10 11 12 13
20571 | s | 7 | 6 8 9 10 11 12 | 14 15 16 17
20578 | s | 4 5 6 | 1 2 3 7 | 9 10 11 12 13
20585 | o | 4 5 6 7 8 9 | 1 2 3 10 11 | 13 14 15
20650 | s | 5 | 1 2 3 4 6 | 9 10 11
20671 | s | 5 | 1 3 4 6 7 8 9 | 10 11
20752 | s | 21 | 26 | 22 23 24 25
20806 | s | 1 2 3 | 4 5 6 | 8 9 10 11 12 13 14 15 16 17 18 19 20 22 23 24 25 26 27 28 29 30 31
20851 | s | 9 10 11 12 13 14 15 16 17 | 18 19 20 21 22 23 24 | 26 27 28 29 30 31 32 33 34 35 36
20852 | s | 3 | 1 2 4 5 | 7 8 9 10 11 12 13 14 15
20878 | s | 1 2 3 5 6 7 8 9 | 11 12 13 | 15 16 17 18 19
20904 | s | 1 | 2 3 | 5 6 7 8 9
20928 | s | 14 | 12 13 15 16 17 18 19 | 21 22 23 24 25 26 27 28 29
2095 | s | 1 2 | 3 4 5 6 7 8 | 10 11 12 13 14 15
21005 | s | 1 2 | 3 4 5 | 7 8 9 11 12 13 15 16 17 18 19 20 21 22
21008 | s | 1 2 | 10 11 13 | 16 17 18 19
2101 | o | 1 2 3 4 | 16 17 18 19 20 21 22 23 25 27 28 | 30 31 32 33 34 35 36 37
21020 | s | 10 | 1 2 3 4 5 6 7 8 9 11 | 13 14 15 16 18 19 20 21
21052 | s | 1 2 3 4 5 | 6 7 | 9 10 11 12 13 14
21119 | s | 1 | 7 8 | 10 11 12 13 14 15 17 18 19 20 21 22
21213 | o | 9 10 | 1 2 3 5 6 8 11 | 13 14 15 16 17 18 19 20 21 22 23
21342 | s | 1 2 3 4 5 6 7 8 | 9 10 11 12 | 14 15 16 17 18 19 20 21 22 23
21386 | s | 7 8 | 6 9 10 11 12 | 1 2 3 4
21390 | s | 1 | 2 3 4 5 | 7 8 9 10 11 12 13
21544 | s | 1 2 | 4 5 6 | 8 9 10 11 12 13 14 15 16 18 19 20 21 22 23 24 25
21569 | o | 8 9 | 1 2 3 4 5 6 7 10 11 12 13 | 15 16 17 18
21609 | s | 1 2 | 3 4 6 7 8 9 10 12 13 14 | 16 18 19 20 21 22 23 25 26
21614 | s | 1 | 2 3 4 5 6 | 8 9 10 11 12
21687 | s | 9 | 8 10 11 12 15 | 13 14
2170 | s | 4 | 7 | 9 10 11 12 14 15 16 17 18
21705 | s | 4 5 6 | 1 2 3 | 8 9 10 11 12 13 14 16 17 18
21720 | s | 1 2 4 5 6 7 8 9 10 11 12 13 14 | 17 | 20 21 22 23 24 25 26 27 28
2194 | s | 1 2 3 4 5 6 7 | 8 9 10 11 12 14 16 17 18 19 20 21 22 | 24 25 26 27 28 29 30 31 32 33 34 35
22055 | s | 11 | 1 2 3 4 5 6 7 8 9 10 12 13 | 15 16 17 18 19 21 22 23 24 25
22090 | s | 23 | 24 | 26 27 28 29 30
22121 | s | 15 | 14 24 | 16 17 18 19 20 21 22 23
2218 | s | 1 | 2 3 4 5 | 7 8 9 10 11 12 13 14 15 16 18 20 21 22
22241 | s | 1 2 3 4 5 6 8 9 10 | 12 13 | 15 16 17 18 19 20 21 22 23 24 25 26
2227 | s | 17 | 16 | 8 9 10 11 12 13
22301 | o | 8 9 | 7 10 11 12 | 14 15 16
2231 | s | 1 2 3 4 5 6 8 | 10 11 12 13 14 15 | 17 18 19 20 21 22 23 24 25 26
22512 | s | 1 | 2 3 4 | 6 7 8 9 10 11 12
22548 | s | 10 | 1 2 3 4 5 7 8 9 11 12 13 14 | 15 16 17 18
22622 | s | 2 | 3 4 6 7 | 9 10 11 12 13 14 15 16 17 18
22630 | o | 12 13 | 1 2 3 5 6 7 8 9 11 14 15 16 17 18 19 20 21 | 23 24 25 26 27 28 29 30 31 32 33 34 35 36 37
22639 | s | 15 | 16 17 18 26 27 28 29 30 | 20 21 22 23 24
22696 | s | 8 9 10 11 12 | 1 2 3 5 7 | 14 15 16 17 18 19 20 22 23 24 25
22699 | s | 4 5 | 1 2 3 6 | 8 9 10 11 12 13 14 15 16 18 19 20 21
22907 | o | 8 9 | 1 2 3 4 5 6 7 10 | 12 13 14 15 16 17 18 20 21 22 23 24 25 26 27 28 29 30
22923 | s | 20 | 19 21 22 | 24 25 26 27
23007 | s | 1 2 3 | 16 17 18 19 20 21 | 23 24 25 26 27 28
23029 | s | 3 4 | 1 2 | 6 7 8 9 10 11 12 13
23053 | s | 2 3 4 | 5 6 | 7 8
23088 | o | 3 | 1 2 4 | 6 7 8 9 10 11 12 13 14 15 16 17 18 19 20 21 22 23 25 26 27 28 29 30 31 32 33 34 35 36 37 38 39 40 41
23209 | s | 3 | 1 2 4 | 6 8 9 10 12
23231 | s | 1 | 2 3 | 5 6 7 8 9 10 11 12 13 14 15 16 17 18 19 20 21 22
23252 | s | 1 | 2 3 4 | 6 7 8 9 10 11 12 13 14 15
23303 | s | 1 | 2 | 4 6 7 8 9 10 11 12 14
23311 | s | 1 2 | 3 | 4 5 6 7 8
23365 | s | 1 2 | 3 4 5 6 7 8 9 10 11 12 13 15 17 | 19 20 21 22
23367 | s | 1 2 3 4 5 | 6 7 8 9 10 11 12 13 14 15 16 17 | 19 20 21 22 23 24 25 26 27 28 29
23383 | s | 1 2 | 3 4 5 6 | 8 9 10 11 12 13 14 15 16 17 18 19 20 21 22 23 24 25 26 27 28
23397 | s | 1 | 2 3 4 5 | 7 8 9 10 11 12 13 14 15 16 17 18 19
23413 | o | 5 6 | 1 2 3 4 7 | 9 10 11 12 13 14 15 16 17
23495 | s | 5 | 1 2 3 4 6 | 8 9 10 11 12 13 14 15 16 17 18 19 20 21 22 23 24 25
23524 | s | 1 2 4 | 6 | 8 9 10 11 12 14 15 16 17 18 19 20 21 22 23 24 25 26 27
23529 | s | 1 2 3 | 4 5 6 7 8 9 10 11 12 13 | 15 16 17 18 19 20
23557 | s | 14 16 17 | 1 2 3 4 5 6 7 8 9 10 11 12 13 19 20 | 22 23
23559 | o | 4 5 | 1 2 3 6 7 8 | 10 11 12 13 14 15 16 17 18 19 20 21 22 23 24 25 26 28 29 30
23577 | s | 1 2 | 3 4 5 6 7 8 9 | 11 12 13 14 15 16 17 18 19 20 21 22 23
23638 | s | 1 | 2 3 4 5 | 7 8 9 10 11 12 13 14 15 16 17 18 19
23670 | s | 7 | 8 9 10 | 12 13 14 15 16 17 18 19 20 21
23703 | s | 1 2 3 4 5 6 7 8 9 10 11 12 13 | 14 15 16 17 18 19 20 | 22 23 24 25 26 27 28 29 30
23724 | s | 1 2 3 | 4 5 6 7 8 9 10 11 12 | 14 15 16
23777 | s | 1 | 2 | 4 5 6 7 8 9 10 12 13 14 16 17 18 19 20
23785 | o | 13 14 | 1 2 3 4 5 6 7 8 9 10 11 12 15 16 17 | 19 20 21 22 23 24 26 27 28 29 30 31
23788 | s | 1 2 | 3 | 5 6 7 8 9 10 11 12 13 14 15 16 17 18 19 20
2381 | s | 3 4 | 1 2 5 | 7 8 9 10 11
23839 | s | 11 12 | 1 2 3 4 5 6 7 8 9 10 13 | 15 16 17 18 19 20 21 22 23 24
23912 | s | 15 | 14 16 17 | 19 20 21 22 23 24 25 26 27 28 29 30 31
23943 | s | 5 | 1 2 3 4 | 7 8 9 10 11 12
23982 | s | 20 21 | 1 2 3 4 6 7 8 9 10 11 12 13 14 15 16 17 19 | 23 24 25 26
24281 | s | 1 2 3 4 5 | 6 7 | 9 10 11 12 13 15 17 18 19 20 22 23 24 25 26 27 29 30 31
24285 | s | 1 2 3 4 | 5 | 6 7 8 9
24308 | s | 2 | 3 4 5 6 7 8 9 | 11 12 13 14 15 16 17 18
24324 | s | 9 10 | 1 2 3 4 5 6 7 8 11 12 | 14 15 16 17 18 19 20 21 22 23 24 25 27 28 29 30 31 32
24391 | s | 14 15 | 1 2 3 4 5 6 7 8 9 10 11 13 16 17 18 19 20 21 | 23 24 25 26
24410 | s | 1 2 3 4 5 6 7 9 10 11 12 13 | 15 16 17 18 19 | 21 22 23 24 25 26 27
24462 | o | 5 6 | 1 2 3 4 7 8 9 10 11 12 13 | 15 16 17 18 19 20 21 22 23 24 25
24465 | s | 4 | 5 6 7 8 9 10 11 12 13 14 15 | 17 18 19 20 21 22
24468 | o | 7 8 | 11 | 13 14 15 16 17 18 19 20 21 22 23 24 25 26 27
24502 | s | 1 2 | 3 | 5 6 7 8 10 11 12 13 14 15 16 18 19 20 22 23 25 26 28 29 30 31 32
24513 | s | 3 5 | 7 | 9 10 11 12 13 14 16 17 18 19 20 21 22
24555 | s | 1 2 | 3 4 | 6 7 8 9 10
2460 | s | 1 2 | 3 4 | 6 7 8 9 10
24689 | s | 3 | 1 2 4 5 | 7 8 9 10 12 13 15 17 18 19 20 21 22 23 24 25 26
24689 | o | 7 8 | 9 10 | 12 13 15 17 18 19 20 21 22 23 24 25 26
24693 | s | 8 | 1 2 3 4 5 6 7 9 10 11 12 | 14 15 17 19 20 21 22 23
24698 | s | 1 2 3 4 5 6 | 7 8 | 10 11 12 13 14 15 16 18 19 20 21 22 23 24 26 27 29 30 31 32 33 34 35
24710 | s | 19 | 28 | 25 26 27
24710 | s | 19 | 23 | 20 21 22
24722 | o | 4 5 | 1 2 3 6 7 | 9 10 11 12
24723 | s | 1 | 2 3 4 | 6 7 8 9 10 11 12 13 15 16 17 19 20 21 22 23 24 25 26 27 28
24726 | s | 1 | 2 3 4 5 6 7 8 9 | 11 12 13 15 16 17 18 19 20 21 22 24 25 26 27 28 29 30 31 32
24798 | s | 3 4 5 | 2 6 | 8 9 10 11 12 13
24812 | s | 1 2 4 | 6 7 8 9 | 11 12 13 14 15 16 17 18
24827 | s | 1 | 2 3 4 5 | 7 8 9 10 11 12 13 14 15 16 17 18 19
24846 | s | 1 | 3 | 5 7 8 10 11
24881 | s | 3 4 | 1 2 | 6 7 8 9 10
2493 | s | 4 | 1 2 3 5 | 7 8 9 10 11 12
24941 | s | 3 | 1 2 4 5 6 7 8 9 10 11 12 13 14 15 16 17 | 18 19 20
24950 | s | 5 6 7 8 9 | 1 2 3 4 19 20 21 22 23 24 25 26 27 28 29 30 31 | 10 11 12 13 14 15 16 17
24951 | s | 7 8 9 | 1 2 3 4 5 | 12 13 14 15 16 17 18 19 20 21 22 23
24976 | s | 3 | 25 26 27 | 29 30 31 32 33 34 35 37 38 40 41 42 43 44
24988 | s | 1 2 4 | 6 7 8 9 10 11 12 | 14 15 16 17 18 19 20 21 22 23 24
2512 | s | 11 12 13 | 1 2 3 4 5 6 7 8 9 10 14 15 16 | 18 19 20 21 22 23 24 25 26 27
25130 | s | 3 | 1 2 | 5 6 7 8 9 10 11 12 13 14 15 16 17 18 19 20 21 22 23 24 25 26 27
25146 | s | 1 2 3 | 4 5 | 7 8 9 10 11 12 13
25294 | s | 3 4 5 6 | 1 2 7 | 9 10
25305 | s | 6 7 | 5 8 9 10 | 12 13 14 15 16 17 18 19 20
25346 | s | 2 3 4 5 7 | 9 10 11 12 13 14 15 16 | 18 19 20
25413 | o | 4 5 | 1 2 3 6 7 | 9 10 11 12 13 14 15 16 17 18 19 20 21
25436 | s | 3 4 | 1 2 5 6 7 9 10 11 12 13 14 16 17 18 19 20 21 22 24 25 26 27 | 29 30 31 32 33 34 36 37 38 39 40 41
25469 | o | 4 5 6 | 1 2 3 7 | 9 10 11 12 13 14 15 16 17 18 19 20 21 22 23 24 25 26 27
25606 | s | 1 2 | 3 | 4 5 6 7
25632 | s | 5 | 6 7 | 9 10 11 12
25637 | s | 10 11 | 9 12 13 14 15 | 17 18 19 20 21 22 23
25646 | s | 15 | 1 2 3 4 5 6 7 8 9 10 11 12 13 14 16 17 18 19 20 21 | 23 24 25 26 27 28 29 30 31 33 34 35 36 37
25671 | o | 14 15 16 17 18 | 1 2 3 4 5 6 7 9 10 11 13 19 | 21 22 23 24 25 26 27 28 29 30 32 33 34 36 37 38 39 40 41 43 44
25703 | o | 5 6 | 1 2 3 4 7 8 9 10 | 12 13 14 15 16 17 18 19 20
25706 | s | 1 2 | 3 4 5 6 7 8 | 10 11 12 13 14 15
25874 | o | 3 4 5 6 7 8 | 1 2 9 | 11 12 13 14 15 16 17 18
25922 | o | 13 14 | 1 2 3 4 6 7 9 12 15 | 17 18 19 20 21 22 23 25 26 27 29 30 31
25962 | s | 3 | 1 2 4 | 6 7 8 9 10
260 | s | 3 4 5 | 2 6 7 | 9 10 11 12 13 14 15 16 17 18 19 20
26006 | s | 1 2 | 3 | 5 6 7 8 9 10 11 12 13 14 15 16 17 18 19
26050 | s | 4 | 1 2 3 | 5 6 7 8
26075 | s | 19 20 21 23 24 | 26 27 28 | 30 31 32 33 34 35 36 37
26098 | s | 17 | 18 19 20 21 | 23 24 25 26 27 28 29 30 31 32 33 34 35
26099 | s | 5 | 1 2 3 4 6 7 | 9 10 11 12 13 14 15 16 17 18 19 20
26108 | s | 15 | 32 33 34 | 36 37 38 39 40 41 42 43 44 45
26114 | s | 1 2 3 4 | 5 6 7 8 9 | 11 12 13
26216 | s | 12 | 11 13 14 15 | 18 20 21
2625 | s | 1 2 | 3 | 5 6 7 8
26266 | s | 16 | 17 18 19 | 21 22 23 24
26267 | s | 9 | 10 11 | 13 14 15 16 17
26296 | s | 1 | 4 | 6 7 8 10 11 12 14 15 16 18 20 21
26300 | s | 1 | 7 | 9 10 11
2636 | s | 1 2 | 3 4 5 7 8 9 10 11 12 13 15 16 | 18 19 20 21 22 23 24
26488 | s | 1 2 3 | 4 | 6 7 8 9
26512 | s | 11 12 13 14 15 | 8 9 10 16 17 | 18 19
26514 | o | 8 9 | 1 2 3 4 5 6 7 10 11 | 13 14 15 16 17
26541 | s | 4 | 8 9 | 11 12 13 14
26563 | s | 4 5 | 1 2 3 | 7 8 9
26577 | s | 9 | 1 2 4 5 6 8 10 | 12 13 14 15 16 17 18 19 21 22 23 24 25 26 27 28 29 30 31 32 33 34 35
2671 | s | 2 | 3 4 | 6 7 8 9
26786 | o | 10 11 12 13 | 14 15 | 17 18 19 20 21 22 23 24 25 26 27 28 29 30 31 33 34 35 36 37 38 39 40
26806 | s | 1 2 3 | 4 5 6 7 | 9 10 11 12 13 14 16 17 18 20 21 22 23 24 25 26 27 28
26806 | o | 10 11 | 9 12 13 14 | 16 17 18 20 21 22 23 24 25 26 27 28
26812 | s | 29 30 31 32 | 1 2 3 4 5 6 7 8 9 10 11 12 14 15 16 17 18 19 20 21 22 23 24 25 27 28 | 34 35 36 37 38 39 40 41 42 43
2682 | s | 2 | 3 4 | 6 7 8 9 10 11 12 13
26910 | s | 1 2 4 5 6 7 | 9 10 11 12 15 16 17 18 19 20 21 22 23 24 25 26 27 28 29 30 31 32 33 35 36 37 38 40 41 42 | 13
2697 | s | 4 | 1 2 3 | 5 6
26986 | s | 1 | 2 3 4 5 | 7 8 9 10 11 12 13 14 15 16
26989 | s | 3 | 1 2 4 5 6 | 8 9 10 11 12
27022 | s | 3 4 5 | 1 2 | 8 9 10 11 13 14
27097 | s | 12 13 14 | 9 10 11 15 16 17 | 1 2 3 4 5 6 7
27194 | s | 5 6 | 1 2 3 4 | 8 9 10 11 12 13 14 15 16
2724 | s | 15 | 16 | 19 20 21 22
27275 | s | 10 11 | 12 13 14 15 16 | 18 19 20 21 22 23 24
27341 | s | 11 | 12 13 14 15 16 | 19 20 21 22 23 24 25 26 27 28
27356 | s | 18 19 | 17 20 | 22 23 24 25
27388 | s | 1 2 | 3 4 | 6 7 8 9 10 11 12 13 14 15 16 17 19 20 21 22 23 24 25 26
27410 | s | 1 | 2 3 4 5 | 7 8 9 10 11 12
27417 | o | 1 2 3 | 10 11 | 13 14 15 16 17 18 19 20 21
27501 | s | 1 2 3 4 5 | 6 | 8 9 10 11 13 15
27523 | s | 11 | 1 2 3 4 5 6 7 8 9 10 12 | 14 15 16 17 18 19 20 21 22 23 24 25 26 27
27567 | s | 9 10 | 8 11 12 13 14 | 16 17 18 19 20 21 22 23
27593 | s | 1 2 | 3 | 5 6 7 8 9 10 11 12 13 14 15 16 17 18 19 20
2760 | s | 5 | 1 2 3 4 10 | 6 7 8 9
27650 | s | 1 2 3 4 5 6 7 | 8 9 10 11 12 | 14 15 16 17 18 19 21 22 23 24 25 27 28 29 30
27660 | s | 4 5 | 1 2 3 6 7 | 9 10 12 14 15 16 17 18 19 20 21 22
27662 | s | 9 10 11 12 13 14 15 | 1 2 3 4 5 6 7 8 | 16 17
27693 | s | 1 2 3 4 5 | 18 19 | 21 22 23 24 25 26 27
27694 | s | 14 | 15 16 17 18 19 | 21 22 23 24 25 26 27 28
27765 | s | 17 | 18 | 21 22 23 25 26 28 29 31 32 33 34 35 36 37 38
27774 | o | 5 6 | 1 2 3 4 7 | 9 10 11 12 13
27775 | s | 2 3 4 5 | 7 8 12 13 14 15 16 17 18 19 20 21 22 23 24 | 9 10
27809 | s | 1 | 2 3 4 5 | 7 8 10 12 13
27817 | s | 11 12 13 14 15 | 1 2 3 4 5 6 7 8 9 10 16 17 18 | 20 21 22 23 24 25 26 28 29 30 31 32 33 34 35 36
27837 | s | 7 8 9 | 1 2 3 4 5 6 10 11 12 13 | 15 17 19 20 21 22 23 24 25 27 28 29 30 31 33 34
27917 | s | 9 | 10 11 | 13 14 15 16 17 18 19 20 21 22 23 24 25 26 27 28 29 30 31 32 33 34
2798 | s | 5 | 1 2 3 4 6 | 8 9 10 11 12 13 14 15
27995 | o | 7 8 | 1 2 3 4 5 6 9 10 11 12 | 14 15 16 17 18 19
27996 | o | 5 6 | 1 2 3 4 | 8 9 10 11 12 13 14 16 17 19 20 21 22 23
28106 | o | 4 5 | 1 2 3 6 | 8 9 10 11 12 13 14 15
28135 | o | 12 | 13 | 16 17 18 19 20 21 22 23
28234 | s | 1 2 3 4 5 6 7 8 10 11 12 | 14 15 16 17 18 19 | 21 22 23 24 25 27 28 29 30 31 32 33 34 35 36 37 38
2837 | s | 7 8 9 | 16 17 | 19 20 21 22 23
28445 | s | 1 2 3 4 | 5 6 7 8 9 | 11 12 13 14 15 16 17
28514 | s | 7 8 9 10 11 | 1 2 3 4 5 6 | 13 14 15 16 17 18
28577 | s | 1 2 3 4 5 7 | 9 10 | 12 13 14 15 16 17
286 | s | 2 3 | 6 7 | 9 10 11 12 13
28647 | s | 5 6 7 8 9 10 | 11 12 | 14 15 16 17 18 19 20 21 22 23 24 25 26 27
28649 | s | 20 | 1 2 4 5 6 7 8 9 10 11 12 13 14 15 16 17 19 21 | 23 24 25 26 27 28
28739 | s | 11 12 | 1 2 3 4 5 6 7 8 10 | 14 15 16 17 18 19 20
28832 | s | 12 | 17 19 20 21 22 23 | 13 14 15 16
28841 | s | 1 2 | 3 4 5 6 11 | 7 8 9 10
28987 | s | 10 11 | 7 8 9 15 17 18 19 20 21 22 23 | 12 13 14
29026 | s | 5 6 | 1 2 3 4 | 7 8 9 10 11 12 13 14 15 16 17 18 19 20 21
2923 | s | 7 8 9 10 11 12 14 | 16 17 18 19 20 21 22 23 24 | 26 28 29 31 32 33 34 35
29250 | s | 13 14 | 2 3 5 6 7 8 9 10 11 15 24 25 26 | 17 18 19 20 21 22
2929 | s | 1 2 3 | 4 5 | 7 8 9 10 11 12 13 14 15 16 17 18 19 20 21 22 23 24 25 26
29342 | s | 13 | 14 15 16 17 18 19 | 21 22 23 24 25 26 27 28 29 30 32 33 34 35 36 37 38 39 40 41 42 43 44
29363 | s | 1 2 3 4 5 6 7 8 | 19 | 20 21
29424 | s | 6 7 8 | 1 2 3 4 5 12 | 9 10 11
29441 | s | 1 2 | 3 | 5 6 8 10 13 15 16 17 18 19 20 21 22 23 24 25 26 27 28 29 30 31 32 33
29486 | s | 1 2 3 4 | 5 6 | 8 9 10 11 12 13 14 15 16 17
29572 | s | 26 27 | 25 28 29 30 31 32 | 8 9 10 11 12 13 14 15 16 17 18 19 20 21 22 23
29621 | s | 34 | 39 41 42 43 44 45 46 48 49 50 51 52 53 54 | 35 36 37 38
29668 | s | 1 2 | 8 | 10 11 12 13 14 15 16 17
29678 | s | 1 2 3 | 4 | 6 7 8 9
29724 | s | 7 | 8 | 9 10
29743 | s | 9 | 22 24 25 26 27 28 29 30 32 33 34 35 36 37 38 39 40 41 | 10 11 12 13 14 15 16 17 18 19 20 21
29745 | s | 9 | 6 7 8 10 11 12 13 15 16 17 18 20 22 23 24 26 27 | 29 30 32 34 35
29757 | s | 13 | 21 | 14 15 16 17 18 19 20
29770 | s | 5 | 13 | 6 7 8 9 10 11 12
29840 | s | 18 19 | 16 17 20 21 22 23 | 25 26 27 28 29
29843 | s | 3 4 | 1 2 | 6 7 8 9
29887 | s | 8 | 14 15 16 17 18 | 20 21 22
29898 | s | 3 4 5 | 1 2 6 7 8 9 10 | 12 13 14 15 16 17 18
29990 | s | 3 | 1 2 4 5 6 8 9 10 11 12 13 14 16 | 18 19 20 21 22 23 24 25 26
30016 | s | 5 | 1 2 3 4 | 6 7 8 9 10 11 12 13 14 16 17 18 19 20 21 22 23 24
30073 | s | 7 | 2 3 4 6 | 9 10 11 12 13 14 15 16 17 18 19 20 21 22 23 24 25 26 27 28
30145 | s | 4 5 6 | 1 2 3 9 | 7 8
30220 | s | 1 2 | 3 4 5 6 7 8 | 10 11 12 13 14 15 16 17
30228 | s | 5 | 11 | 6 7 8 9 10
30229 | s | 10 11 | 1 2 3 4 5 6 8 9 12 | 14 15 16 17
30255 | s | 13 | 1 2 3 4 6 7 8 9 10 12 14 | 16 17 18 19 20 21 22
30267 | s | 23 24 25 | 22 26 | 29 30 31 32 33
30340 | s | 14 | 16 15 | 19 20 21 22
30365 | s | 3 | 1 2 4 | 6 7 8 9 10 11 12 13 14 15 16 17 18 19 20
30367 | s | 9 | 8 10 11 12 | 14 15 16 17 18 19 20 21
30371 | s | 1 2 3 4 5 6 7 8 9 11 12 13 14 15 | 17 18 19 | 21 22 23 24 25 26 27
30392 | s | 1 | 2 3 4 5 | 7 8 9 10 11 12 13
30465 | s | 1 | 2 | 4 5 6 7 8 9 10 11 12 13 14 15 16
30475 | s | 1 2 3 4 | 5 6 7 9 10 11 12 13 14 15 16 17 18 19 | 22 23 24
30563 | s | 1 | 2 3 | 5 6 7 8 9 10 11 12 13
30574 | s | 1 2 3 4 5 6 7 9 10 | 12 13 14 15 16 17 | 20 22 23
30738 | o | 16 17 18 | 1 3 4 5 6 7 8 9 10 11 12 13 15 19 | 21 23 24 25
30764 | o | 9 10 | 1 2 3 4 5 6 7 8 | 12 13 14 15 16 18 19 21 22
30865 | s | 11 12 13 14 15 16 | 1 2 3 4 5 6 7 8 9 10 17 18 19 20 21 22 | 23 24
3093 | s | 6 8 9 | 10 | 12 13 14 15 16 17 18 19
30955 | s | 7 8 9 | 6 | 1 2 3 4
31009 | s | 1 2 | 3 4 5 6 7 | 9 10 11 12 13 14 15 16 17 18 19 20
31016 | s | 4 5 6 | 1 2 3 7 | 9 10 11 13 14 15 16 17 19 20 21 22 23 24 25 26 27 28 29
31059 | s | 3 4 | 1 2 | 6 7 8 9 10 11
31140 | s | 1 2 4 5 6 7 8 9 | 11 12 13 14 | 16 17 18 20 21 22 23
31192 | s | 1 2 | 3 4 5 6 | 8 9 10 12 13 14 16 17 18
3120 | s | 1 2 3 | 4 5 | 7 8 9 10 12 13 15 16 18 19 20 21 22 23 24
3120 | s | 20 21 22 | 18 19 24 | 23
3121 | s | 2 3 4 | 5 28 | 6 7 8 9 10 11 12 13 14 15 16 17 18 19 20 21 22 23 24 25 26 27
31235 | o | 4 5 6 8 | 1 2 3 10 11 12 13 14 | 16 17 18 19 20 21 22 23 24 25 26 27 28 29
31271 | s | 1 2 3 4 6 | 8 9 10 11 12 | 14 15 16 17 18 19 20 22 23 24 25 26 27 28 29
31296 | s | 9 10 11 | 1 2 3 4 5 7 8 | 13 14 15 16 17 18 19 20 21 22
31313 | o | 9 10 | 1 2 3 4 5 6 7 8 11 12 13 | 15 16 17 18 20 21 22 23 24 25 26 27
31349 | s | 1 2 3 4 5 6 7 8 | 9 10 11 12 13 14 15 16 17 18 19 20 21 22 23 | 25 26 27 28
3145 | s | 1 2 | 3 4 5 | 6 7 8 9 10 11 12 13 14 15 16 17 18
31469 | o | 4 | 5 6 7 | 9 10 11 12 13
31535 | o | 16 17 | 18 19 20 | 22 23 24 25
31538 | s | 1 | 2 3 4 5 7 8 9 10 11 12 14 15 16 17 18 19 | 20 21 22 23 24 25
31746 | s | 5 | 4 6 7 | 9 10 11 12 14 15 16 17 18
31863 | s | 1 | 2 3 4 5 | 7 8 9
3198 | s | 2 3 | 6 7 8 9 12 13 | 15 16 17 18 19 20 21 22 23 24 25 26
32081 | s | 4 | 1 2 3 | 5 6 7 8 9 10 11
32100 | s | 25 | 24 | 10 11 12 13 14 15 16 17 18 19 20 21
32130 | s | 5 | 1 2 3 4 6 7 8 | 10 11 12 13 14 15 16 17 18 20 21 22 23 24 25 26
32141 | o | 9 10 11 12 | 8 13 14 15 16 | 18 19 20 21 22 23 25 26 27 28 29
32183 | s | 19 | 28 | 21 22 23 24 25 26 27
32309 | s | 25 26 | 24 | 17 18 19 20 21
32353 | s | 3 | 1 2 | 4 5
32378 | s | 5 | 1 2 3 4 6 7 | 8 9 10 11 12 13
32448 | s | 2 | 1 3 | 4 5 6 7
32464 | s | 1 | 18 19 20 21 22 23 24 25 | 27 28 29 30 31
3252 | o | 4 5 | 10 | 12 13 14 15 16 17 18 19 21 23 24
3258 | s | 3 4 5 6 | 8 7 | 10 11 12 13 14 15 16 17
32587 | s | 1 | 2 3 | 5 6 7 8 9 10 11 12 13
32604 | s | 2 | 3 | 5 6 7 8 9 10
3266 | s | 3 4 | 1 2 5 6 7 8 | 10 11 12 13 14 15 16 18 19 20 21 22 23 24 25 26
32800 | s | 7 8 9 | 5 6 | 1 2 3
32842 | o | 3 4 | 1 2 5 | 7 8 9 10 11 12 13 14 15 16 17 18 20 21 22 23 24 25 26 27 28
32853 | s | 1 2 3 4 5 6 7 8 9 10 | 11 | 13 14 15 16 18 19 20 21 22 23
32895 | s | 14 15 16 | 1 2 3 4 5 6 7 8 9 10 12 13 17 | 19 20 21 22 23 24 25 26 27 28 29 30 31 32 33
32952 | s | 19 | 20 21 22 | 24 25 26 27 29 30 32 33 35
3315 | s | 4 5 | 1 2 3 6 7 8 9 10 16 | 11 12 13 14 15
33161 | o | 5 6 7 9 10 | 1 2 3 4 12 | 14 15 16 17 18 19
33228 | s | 1 2 3 | 4 5 | 6 7 8 9 10 11 12 13 14 15 16 17
33245 | o | 6 | 1 2 3 4 5 7 8 9 10 | 12 13 14 15 16
33265 | s | 48 | 49 55 | 50 51 52 53 54
33268 | s | 10 11 12 13 14 15 16 | 9 17 21 | 18 19 20
33353 | s | 1 2 3 4 5 | 6 7 8 9 10 11 12 13 | 15 16 17 18 19 20 21
33378 | s | 1 | 8 | 10 11 12 13 14 15 16
33511 | s | 12 13 | 1 2 3 4 5 6 7 8 9 11 14 | 16 17 18 19 20 21 22 23 24
33571 | s | 1 2 | 3 | 5 6 7 8 9 10 12 13 14 15 16 17 18 19 20 21 22 23 24 25
33597 | s | 10 11 12 | 1 2 3 4 5 6 7 8 9 13 14 15 16 | 18 19 20 21 22 23 24 25
33605 | s | 11 | 12 13 | 15 16 17 18 19 20 21 22 23 24 25
33651 | o | 9 | 1 2 3 4 6 8 10 | 12 13 14 15 16
33652 | o | 3 4 5 | 1 2 6 7 | 9 10 11 12 13 14
33673 | s | 1 | 16 17 18 19 20 21 | 23 24 25 26 28 29 31 32 33 34 36 37 38 39 40 41 42 43 44 45
33703 | o | 8 9 | 1 2 3 4 5 6 7 | 11 12 13 14 15 16 17 18 19 20 21 22 24 25 26 27
33708 | s | 6 | 12 | 16 17 18 19 20 21 22
33718 | s | 1 | 2 3 4 5 6 7 | 9 10 11 12 13 14 15 16
33719 | o | 18 19 | 17 20 | 22 24 25 26
3378 | s | 10 11 12 13 | 1 2 3 4 5 6 7 8 9 14 15 16 17 18 19 20 | 22 23 24 25 26 27 29 30 31 32 33 34 35 36
33823 | s | 18 19 | 20 | 22 23 24 25 26 27
33827 | s | 1 2 | 3 | 4
33957 | s | 5 7 | 1 2 3 4 8 9 11 12 13 15 16 17 18 19 | 21 22 23 24 25 26 27
33962 | s | 3 4 5 7 | 1 2 9 10 11 12 14 | 15 16 17 18 20 21 22 23 24 25 27 28 29 30 31 32 33 34 35 36 37
33970 | s | 1 2 3 4 6 7 8 9 | 11 | 13 14 15 17 18 19 20
34012 | o | 4 5 | 1 2 3 | 7 8 9 10 11 13 14 15 16 17 18 19 20 21 23 24 25 26 27
34150 | s | 4 5 6 7 | 8 9 10 11 12 13 14 | 16 17 18 19 20 21
34192 | o | 8 9 | 1 2 3 4 5 6 7 | 11 12 13 14 15 16 17 18 19 20 21 22 24 25 26 27
34202 | s | 6 | 12 | 16 17 18 19
34209 | s | 1 | 2 3 4 5 6 7 | 9 10 11 12 13 14 15 16
34210 | o | 16 17 | 15 18 | 20 22 23 24
34225 | o | 6 7 | 1 2 3 4 5 8 | 10 11 12 13 15 16 17 18 19 20 21
34254 | s | 1 2 | 3 4 5 | 7 8 9 10 11 13 14 15 16 17 18 19 20 21 22 23 24 25 26
34280 | s | 24 25 26 27 | 28 | 30 31 32 33 34 35 36 37 38 39 40 41 42 43 44
34340 | o | 11 12 | 1 2 3 4 5 6 7 8 9 10 | 14 15 16 17 18 19 20 21 22 23 24 25 26 27
34342 | s | 13 | 12 14 15 16 17 18 | 7 8 9 10
34350 | s | 1 2 3 4 6 7 | 9 10 11 12 13 | 15 16 17 18 19 20 21 22 23 24 25 27 28 29 30
34435 | s | 1 2 | 3 4 | 6 7 8 9 10 11 12 13 14 15 16 17 18 19 20
34446 | s | 1 | 2 3 4 5 | 7 8 10 11 12 13 14 15 16 17 18 19
34483 | o | 12 13 | 1 2 3 4 5 6 7 8 9 10 11 14 | 16 17 18 19 20 21 22 23 25 26 27 29 30 31 33 34 35 36 37 38 39 40 41 42 43 44
34565 | s | 1 2 3 4 | 5 6 7 9 10 11 12 | 14 15 16 17 18 19
34592 | s | 1 2 3 4 | 5 6 7 8 9 | 11 12 13 14 15 16 17 18 19 20 21 22 23 24
34616 | o | 5 6 | 1 2 3 4 7 8 9 | 11 12 13 14
34768 | s | 1 2 4 5 6 7 8 9 | 11 12 13 | 15 16 17 18 19 20 21 22 23 24 25 26 27
34878 | s | 2 | 3 4 8 | 5 6 7
34891 | s | 1 | 6 7 | 9 10
3491 | s | 1 2 | 3 4 | 6 7 8 9 10 11 12
34938 | s | 1 2 3 4 5 | 6 17 19 20 21 22 23 24 25 27 28 29 31 32 | 7 8 9 10 11 12 13 14 15 16
35053 | s | 3 5 7 | 2 8 9 10 11 12 13 | 15 16 17 18 19 20 21 23 24 25 27 29 30
35085 | s | 9 | 16 | 10 11 12 13 14 15
35098 | s | 1 2 3 | 4 5 6 | 8 9 10 11 12 13 14 15 16 17 18 19 20
351 | s | 2 3 5 6 | 11 | 8 9 10
35168 | s | 1 2 | 3 4 | 6 7 8 9
35203 | s | 3 5 6 7 8 9 12 | 1 2 | 14 15 16 17 18 19 20 21 22 23 24 25 26 27 28
35216 | s | 1 2 | 3 4 5 | 7 8 9 10 11 12 13 14 15 16 17 18 19 20 21 22 23
35279 | s | 1 2 3 4 5 | 7 | 9 10 11 12 13 14 15 17 18 19 20 21 22 23 25 26 27 28 29 30 31 32 34 35 36 37 38
35307 | o | 3 4 5 6 | 1 2 7 8 9 | 11 12 13 14 15 16 17 18
35398 | s | 1 2 4 5 6 7 8 9 10 11 12 13 14 15 | 17 18 | 20 21 22
354 | s | 15 16 | 17 | 19 20 21 22 23 24 25
35581 | s | 18 | 25 | 19 20 21 22 23 24
35615 | s | 14 | 24 | 15 16 17 18 19 20 21 22 23
35637 | s | 1 | 2 3 | 5 6 7 8 9 10 11 12 13 14 15 16
35641 | s | 3 4 | 1 2 | 6 7 8 9 10 11
35649 | s | 21 22 | 23 24 25 | 27 28 29
35696 | s | 1 2 | 3 4 5 6 7 8 | 10 11 12 13 14 15 16 17 18 19 20 21 22 23 24
35708 | s | 1 2 3 | 4 5 6 | 8 9 10 11 12 13 14 15 16
35772 | s | 13 14 15 16 17 | 12 18 | 20 21 22 23 24
35845 | o | 13 14 | 1 2 4 5 6 7 9 12 15 | 17 18 19 20 21 22 23 24 25
35870 | s | 1 | 13 14 | 16 17 18 19 20 21 22 24 25 26 27 28 29 30 31 32 33 34 35 36 37 38
35936 | s | 19 20 | 17 18 21 22 23 24 | 26 27 28 29
35971 | s | 8 | 9 10 11 12 13 | 15 16 17 18 19 20 21 22 23 24 25
36027 | s | 14 | 15 16 | 18 19 20 21 22 23 24
3610 | s | 1 2 3 4 5 6 7 8 9 | 19 | 21 22 23 24 25 26 27 28 29
36305 | s | 1 | 2 3 4 | 6 7 8 9 10 11 12 13 14 15 16
36306 | s | 14 15 16 | 1 2 3 4 5 6 7 8 9 10 11 12 13 17 18 19 | 21 22 23 24 25 26
3633 | s | 1 2 | 3 4 5 6 | 8 9 10 11 12
36378 | s | 1 2 3 | 4 9 10 11 12 13 14 15 16 17 | 5 6 7
3639 | o | 4 | 1 2 3 5 6 7 | 9 10 11 12 13 14 15 16 17
36409 | s | 1 2 3 | 4 5 | 7 8 9 10 11 12 13 14 15 16 17 18 19 20 21 22 23 24 25 26
36434 | s | 1 2 3 4 | 5 6 7 9 10 11 12 | 14 15 16 17
36447 | s | 3 4 5 | 1 2 6 7 8 9 | 11 13 14 16 17 18 19 20 21 22 23 24 25 26 27
36539 | s | 1 | 2 | 4 5 6 7 8 9 10 11
36558 | s | 1 2 3 | 9 10 | 12 13 14 15 16 17 18
36559 | s | 1 2 3 4 | 5 | 7 8 9 10 11 13 14 15 16 17 18 19
3658 | s | 4 5 6 | 1 2 3 7 | 9 10 11 12 13 14 15 16 17 18 19 20
36610 | o | 6 7 | 1 4 5 13 14 15 16 17 18 19 20 21 22 23 | 8 9 10 11
36673 | o | 3 4 | 1 2 5 6 7 8 9 10 | 12 13 14 15 16 17
367 | s | 1 | 2 3 4 5 6 7 | 9 11 12 13
36725 | s | 7 8 | 9 | 11 12 13 14 15 16 17 18
36818 | s | 6 7 | 1 2 3 4 5 8 9 | 11 12 13 14 15 16 17 18 19 20 21 22 23 24 25 26 27 29 30 31 32 33 35
36918 | s | 6 7 8 | 1 2 3 4 5 9 10 11 12 13 14 15 | 17 18 19 20 21 22 23 24 25 26
36961 | s | 14 | 1 2 3 4 5 6 7 8 9 10 11 13 | 15 16 17 18 19 20 21 22
36976 | s | 1 2 | 3 4 | 5 6 7 8
37019 | s | 7 | 5 6 8 | 10 11 12 13 14 15 16 17 18
37064 | s | 15 16 | 1 2 3 4 6 7 8 9 10 11 12 14 17 | 19 20 21 22 23 24 25 26 27 28 29
37070 | s | 19 | 18 20 21 22 | 24 25 26 27 28 29 30 31 32 33 34
37104 | s | 1 2 4 5 6 7 8 | 22 23 24 | 26 27 28 29
3712 | s | 1 2 3 | 4 5 | 7 8 9 10 11 12 13
37125 | s | 1 | 2 3 4 5 6 7 8 | 10 11 12 13 14
37169 | s | 15 16 17 18 | 1 2 3 4 5 7 8 9 10 11 12 14 19 | 21 22 23 24 25 26 27 28 29 30 31 32 33 34 35 36 37
37296 | s | 1 2 3 | 4 | 5 6 7 8
3731 | s | 1 | 2 3 | 5 6 7 8 10 11 12 13 15 16 17
3745 | o | 18 19 | 17 20 | 22 23 24 25 26
37487 | o | 15 16 17 18 19 20 21 | 14 22 23 | 26 27 28 29 31 32 33
37491 | s | 4 5 | 1 2 3 6 7 | 9 10 11 12 13 14
3750 | s | 1 2 | 3 4 | 6 7 8 9 10 11 12
37606 | s | 16 17 18 | 15 | 10 11 12
37682 | s | 1 2 | 3 4 | 6 7 8 9 10 11
37726 | s | 1 | 2 3 4 5 6 7 | 9 10 11 12 13 14 15 16 17 18 19 20 21 22 24 25 26 27
37921 | s | 10 11 | 1 2 3 4 5 6 7 8 9 12 13 14 15 16 | 18 19 20 21 22 23 24 26 27
37926 | o | 9 10 | 1 2 3 4 5 6 7 8 | 12 13 14 15 16 17
38074 | s | 1 2 3 | 4 5 6 | 8 9 10 11 12 13 14 15 16 17 18
38118 | s | 1 2 3 4 5 6 7 8 9 10 11 12 13 14 | 15 16 17 24 | 18 19 20 21 22 23
3812 | s | 6 7 | 5 8 9 10 11 | 13 14 15 16 17 18 19
38180 | s | 6 7 | 1 2 3 4 5 8 | 10 11 12 13
38467 | s | 17 | 18 19 20 | 22 23 24 25
38518 | o | 5 6 7 8 | 1 2 3 4 | 10 11 12 13
38524 | s | 7 8 | 5 6 9 10 | 12 13 14 15 16 17 18 19 20 21
38552 | s | 11 12 | 1 2 4 5 6 7 8 9 10 13 | 15 16 17 18 19 20
386 | s | 1 2 3 4 5 6 | 7 8 9 | 11 12 13 14 15 16 18 19 20 21 22
38731 | s | 2 3 4 5 6 | 10 | 12 13 14 15 16 17 18 19 20 21 22
38846 | s | 1 | 2 3 4 | 6 7 8 9 10 11 12 13 14
38885 | s | 1 | 2 | 4 5 6 7 9 10 11 12 13 15 16 17 18
38897 | s | 1 2 3 | 4 | 5 6 7 8 9
38910 | o | 8 | 1 2 3 4 5 6 7 9 10 11 12 13 14 | 16 17 18 19 20 21 22 23 24
3895 | o | 10 11 | 1 2 3 4 5 7 9 12 | 15 16 17 18 19 20 21 22 23
38967 | s | 1 2 3 4 5 | 6 7 8 9 10 | 11 12
38991 | s | 1 | 2 | 4 5 6 7 8 9 10 12 14 15 16 17 18 19 20 21 22 24 25 26 27 28 29 30 31 32 33 34
38997 | s | 4 5 | 1 2 3 6 | 8 9 10 11 12 13 14 15 16 17 18 19 20
39017 | s | 1 | 2 3 4 5 6 7 8 | 10 11 12 13 14 15 16 17 18
39125 | s | 2 | 3 | 5 6 7 8 9 10 11 12 13 14 15
3915 | s | 1 2 3 4 5 | 14 15 | 17 18 19 20 21
39183 | s | 1 2 3 4 5 6 | 8 | 10 11 12 13 15 16 17 18 19 20 21
39270 | s | 1 2 3 | 4 5 6 7 8 9 | 11 12 13 14 15 16 17 18 19 20
3935 | o | 5 6 7 8 | 1 2 3 4 9 | 11 12 13
39406 | s | 3 | 1 2 4 | 6 7 8 9 10 11 12 13 15 16 17 18 19 20 21
39414 | s | 6 7 | 1 2 3 4 5 8 | 10 11 12 13 14 15 16 17 18
39432 | s | 6 7 | 1 2 3 4 5 8 | 10 11 12 13 14 15 16 17 18
3949 | s | 1 2 4 5 | 7 8 9 10 11 12 13 14 | 16 17 18 19 20 21 22 23
3958 | s | 3 | 1 2 | 5 6 7 8
39615 | s | 19 | 27 | 20 21 22 23 24 25 26
39789 | s | 18 | 24 26 27 28 29 30 31 33 34 35 36 37 39 40 41 42 43 44 | 19 20 21 22 23
39804 | s | 13 | 1 2 3 4 6 7 8 9 10 12 | 15 16 17 18 19 20 21
39846 | s | 12 13 14 15 | 11 16 17 | 1 2 3 4 5 6 7 8 9
39853 | s | 1 2 3 | 4 5 | 7 8 9 10 12 13 14 15 16 17 18 19 20 21 22
4000 | o | 20 | 22 | 25 26 27 28
40058 | s | 1 2 | 3 4 5 6 7 8 9 10 | 12 13 14 15 16 17 18 19 20 21 22
4006 | o | 4 | 1 2 3 5 | 7 8 9
40121 | s | 3 4 | 5 | 8 9 10 11
40243 | s | 5 | 1 2 3 4 | 7 8 9 10 11 12 13 14 15 16 17 18 19 20 21 22 23 24 25 26 27 28
40261 | s | 1 2 3 4 5 | 6 7 8 | 10 11 12 13 14 15 17 18 19 20 21 22 23 24 25 26 27 28 29 30 31 32
40346 | s | 1 | 6 7 8 9 10 11 | 13 14 15 16 17 19 20 22 23 24 25
40348 | o | 3 4 5 | 1 2 6 | 8 9 10 11 12 13 15 16 17 18 19 20 21 22 23 24 25 26 27
40350 | o | 3 4 | 1 2 5 | 7 8 9 10 11 12 13 14
40364 | s | 1 | 2 | 4 5 6 7 8 9 10 11 12
40392 | s | 5 | 1 2 3 4 6 | 8 9 10 11 12 13 14 15
40486 | s | 1 | 2 3 | 5 6 7 8 9 10
40605 | o | 7 8 | 1 2 3 4 5 6 9 | 11 12 13 14 15
40635 | s | 3 4 | 1 2 5 6 7 | 9 10 11 12 13
40675 | s | 1 | 7 | 9 10 11 12 13 14 15 16 17 18 19 20 21 22 23 24 25 26 27 28
40692 | s | 1 2 3 4 5 6 7 9 | 11 12 13 14 15 | 18 19 20 21 22 23 24 25 27 28
40722 | o | 4 5 | 1 2 3 6 7 | 9 10 11 12 13 14 15
40726 | s | 1 2 | 3 4 5 | 7 8 9 10 11 12 14 15 16 17 18 19
40812 | s | 1 | 2 | 4 5 6 7 8 9 10 11 12
40844 | o | 9 10 11 | 1 2 3 5 7 8 12 13 | 15 16 17 18 19 20
40876 | s | 4 5 | 1 2 3 | 7 8 9 10 11 12 13 14 15 16 17 18 19
40877 | s | 3 | 1 2 | 5 6 7 9 10 11 12 13 14
40884 | s | 1 | 2 | 4 5 6 8 9 11
40933 | s | 15 | 14 16 17 18 | 20 21 22 23 24 25
40954 | s | 21 | 19 20 22 23 24 25 26 | 28 29 31 32 33 34 35 36 37
4101 | s | 1 2 4 5 6 7 8 9 | 11 12 13 14 15 16 | 18 19 20 21 22 23 24 25 26 27 28 29
41028 | s | 1 2 3 | 4 5 | 7 8 9 10 11 12 13
41037 | s | 1 | 2 3 4 5 6 7 | 9 10 11 12 13 14 15 16 17 18 19 20 21 22 23
41063 | s | 3 | 10 | 12 13 14 15
41124 | s | 1 2 | 3 4 5 6 | 8 9 10 11 13 15 16
4117 | s | 1 2 4 5 6 7 8 9 | 11 12 13 14 15 | 17 18 19 20 21 22 23 24 25
4123 | s | 1 | 2 3 | 5 6 7 8 9 10 11 12 13 14 15 16 17
41238 | s | 7 8 9 | 1 2 3 4 6 10 11 12 13 | 15 16 17 18 19 20 21 22 23
41239 | o | 2 3 | 4 5 6 7 | 9 10 11 12 13 14
41241 | s | 1 2 3 4 5 6 | 7 8 | 10 11 12 13 14 15 16 18 19 21 22 23
41242 | s | 7 8 | 1 2 3 4 5 6 9 10 11 12 13 | 15 16 17 18 19 20
41254 | s | 5 6 7 8 | 1 2 3 4 9 | 11 12 13
41257 | s | 12 | 13 14 | 17 18 19 20 21 22 23
4130 | s | 17 18 | 24 25 | 27 28 29 30
41543 | s | 8 9 | 1 2 3 4 5 7 10 11 | 13 14 15 16 17
41597 | o | 3 4 5 6 7 | 1 2 8 | 10 11 12 13 14 15
41869 | s | 4 5 | 1 2 3 6 7 8 9 | 11 12 13 14 15 16 17 18 19 20
41885 | s | 4 5 | 1 2 3 6 8 9 11 | 13 14 15 16 17 18 19 20 21
41933 | s | 1 | 2 3 4 5 6 7 | 8 9 10 11
41936 | o | 5 6 | 1 2 3 4 | 8 9 10 11 12 13 14 15 16 17 18
4198 | s | 29 30 | 28 | 21 22 23 24 25 26
42034 | s | 3 4 | 1 2 5 6 | 8 9 10 11 12 13 14 15 16 17 18 19 20 21
4205 | s | 8 9 | 1 2 3 4 5 6 7 10 11 | 13 14 15 16 17 18 19 20 21 22 23 24
42213 | s | 1 2 3 | 7 | 9 10 11 12 13 14 15 16 17 18 19 20 21 22
42221 | s | 1 2 3 4 | 5 6 7 8 9 10 11 12 | 14 15 16 17
4224 | o | 20 21 | 22 | 24 25 26 27 28 29 30 31 32
42370 | s | 18 | 17 19 20 | 22 23 24 25 26 27 28
42380 | s | 1 2 | 3 4 5 | 7 8 9 10 11 12 13 14 15 16 17 18 19 20
42486 | s | 1 2 3 4 | 5 6 7 8 | 10 11 12 13 14 15
42495 | s | 10 | 11 | 13 14 15 16 17
42633 | s | 1 | 2 3 | 5 6 7 8 9 10 11 12 13 14 15 16
42655 | s | 1 | 2 3 4 5 6 | 8 9 10 12 13 14 15 16 17 18 19 20 21 22 23
42670 | s | 16 | 17 | 20 21 23 24 25 26 27 28 29 30 31 32
42686 | s | 9 10 | 1 2 3 4 5 6 7 8 11 12 13 14 | 16 17 18 19 20 21
42728 | s | 5 6 | 1 2 3 4 | 7
42848 | s | 1 | 2 3 | 5 6 7 8 9 10 11 12 13 14 15 16
42966 | s | 3 | 1 2 4 5 6 7 | 9 10 11 12 13 14
42981 | o | 1 2 3 4 5 6 7 | 8 9 | 11 12 13 14 15 17 18 19 20 21 22 23 24 25 26 27 28 29 30 31 32
42984 | o | 13 14 | 10 11 12 15 16 | 18 19 20
43058 | s | 1 | 2 3 4 5 6 7 8 9 | 11 12 13 14 15 16 17 18 19 20 21 22 23
43066 | s | 1 2 | 3 4 | 6 7 8 9 10 11 12 14 15 16 17 18 19
43093 | o | 13 14 | 1 2 3 4 5 6 7 9 10 12 15 | 18 19 20 21 22 23 24 25
43101 | s | 3 | 1 2 4 5 6 12 13 14 15 16 17 18 19 20 21 22 | 7 8 9 10
43141 | s | 5 6 7 | 2 3 4 8 9 | 11 12 13 14 15 17 18 19 20 21
43160 | s | 1 2 | 3 4 5 6 7 8 | 10 11 12 14 16 17 18
43178 | s | 1 2 | 3 | 5 6 7 8 9 10 11 12 13 14 15 16 17 18
43270 | s | 20 21 | 19 | 22 23 24
43332 | s | 6 7 8 | 1 2 3 4 5 | 10 11 12 13 14 15 16 17
43534 | o | 4 5 | 1 2 3 6 | 8 9 10 11 12 13
43546 | s | 6 7 8 | 1 2 3 4 5 9 10 11 | 13 14 15 16 17 18 19 20 21 22 23 24 25 26
43656 | s | 8 9 | 1 2 3 4 5 6 7 10 | 12 13 14 15
43719 | o | 4 5 | 1 2 3 6 | 8 9 10 11 12 13 14 15 16 17
43724 | s | 3 | 1 2 | 6 7 8 9 10 11 12 13
43726 | s | 4 | 1 2 3 5 | 8 9 10 11 12 13 14 15 17 18 19 20 21 22 23 24 25
43771 | s | 10 | 14 | 16 17 18
4416 | o | 7 8 | 1 2 3 4 5 6 9 | 11 12 13 14 15 16 17 18 19 20 21 22 23 24
44195 | s | 1 2 | 13 | 4 5 6 7 8 9 10 11 12
44261 | s | 1 2 3 | 4 5 | 7 8 9 10 11 12 13 14
44275 | s | 9 10 | 11 | 12 13 14 15 16 17 18 19 20 21 22 23
44284 | o | 4 5 | 1 2 3 6 7 8 9 10 11 | 13 14 15 16 17 18 19 20 21
44356 | s | 10 | 12 | 14 15 16 17 19 20 21 22 23 24 25 26 27
44372 | o | 12 13 14 15 16 17 19 20 21 | 1 2 3 4 5 6 7 8 9 10 11 23 24 | 26 27 28
44424 | s | 1 2 3 4 | 5 6 7 8 9 10 11 12 13 | 16 18 19 21 22 23 24 25 26 27 28
44431 | s | 2 3 | 4 5 6 7 8 9 10 11 12 13 | 15 16 17 18 19 20
44461 | s | 1 2 | 3 4 5 | 7 8 9 10 11 12
44643 | s | 1 2 4 5 6 7 8 9 | 11 12 13 14 15 16 17 18 19 20 21 | 23 24 25 26 27 28 29
44659 | o | 3 4 | 1 2 5 6 | 8 9 10 11 12 13
44821 | s | 1 2 | 3 4 5 6 | 8 9 10 11 13 14 15 16 17 18 19 20
44888 | o | 15 16 | 18 | 20 21 22 23 24 25 26
449 | s | 3 4 | 1 2 5 6 7 8 9 10 11 12 | 14 15 16 17 18 19 20 21 22 24 25 26 27 28 30
44943 | s | 1 2 3 4 | 5 6 7 | 9 10 11 12 13 14 15 16 17 18 19
44961 | s | 7 | 9 | 11 12
44991 | s | 1 | 2 | 4 5 6 7 8 9
45001 | s | 1 | 2 | 4 5 6 7 8 9 11 12 13 14 15 16 17
45022 | s | 1 2 | 3 4 5 6 | 8 9 10 11 12 13 14
45034 | s | 23 | 22 24 25 | 27 28 29 30 31 32 33 34 35 36 37 38
45041 | s | 10 11 12 13 | 9 14 15 16 17 18 19 20 | 22 23 24
45049 | s | 20 21 | 22 23 24 25 26 27 | 29 30 31 32 33 34 35 36 37 38 39 40
45060 | o | 3 4 | 1 2 | 6 7 8 10 11 12 13 14
45062 | s | 7 8 | 6 9 10 11 12 | 14 15 16 17 19 20 21 22 24 25
45141 | s | 8 9 | 1 2 3 4 5 6 7 10 | 12 13 14 15 16 17
45181 | s | 10 11 | 1 2 3 4 5 6 7 8 9 12 | 14 15 16 17 18 19 20 22 24 25
45184 | s | 1 | 2 3 4 5 6 7 | 9 10 11 12 13 14 15 16 17
45212 | s | 1 | 2 | 4 5 6 7 8 9 10 11 12 13 14 15 16 17 18 19 20
45214 | s | 26 | 22 23 24 25 27 | 28 29 30 31 32 33 34 36 38 39 40 41 42 43 44 45
45223 | s | 1 2 3 4 | 5 6 | 8 9 10 11 12 13 14 15 16 17 18 20 21 22 23 24 25 27 28
45237 | s | 11 12 | 10 13 | 15 16
45365 | s | 1 2 | 3 | 4 5 6 7 8 9
45372 | s | 5 6 | 1 2 3 4 7 8 | 10 11 12 13 14 15 17 18 20 21
45446 | o | 3 | 1 2 4 | 6 7 8 9 11 12 13 14 15 16 17 18 19 20 21 22 24 25 26 27 29 30 31
45467 | o | 9 10 11 12 13 15 | 1 2 3 4 5 6 7 8 17 | 19 20 21 23 24 25 26 27 28 29 30 31 32 34 35 36 38
45490 | s | 1 2 3 4 5 6 7 8 9 10 | 11 12 13 14 | 15 16
45582 | o | 14 15 | 1 2 3 4 5 6 7 8 9 10 11 12 13 16 | 18 19 21 22 23 24 25 26 27 28
45624 | s | 1 | 2 | 4 5 6 7 8 9 10 11
45625 | s | 3 4 | 1 2 5 | 7 8 9 10 11 12 13 14 15
45714 | s | 3 | 4 | 7 8 9 10 11 12 13 14
4573 | s | 7 | 8 9 | 11 12 13
45995 | s | 5 6 | 1 2 3 4 7 8 9 | 11 12 13 14 15 16 17 18 19 20
46151 | s | 16 | 30 | 17 18 19 20 21 22 23 24 25 26 27 28 29
46282 | s | 14 | 13 15 16 | 18 19 20 21 22 23 24 25 26 27 28 29 30 31 32
46392 | s | 2 3 | 1 4 5 6 7 | 9 10 11 12 13 14 15 16 17 18 19
46418 | s | 1 | 2 3 4 | 6 7 8 9 10 11 12 13 14 15
4643 | o | 1 | 2 3 4 5 | 7 8 9 10 11
46436 | s | 7 8 9 10 11 12 13 14 15 16 | 1 2 3 4 5 6 24 | 17 18 19 20 21 22 23
4644 | s | 1 2 | 3 4 | 6 7 8 9 10 11 12 13 14
46476 | s | 29 | 32 30 31 | 34 35 36 37 38 39 40 41 42 43 44 45 46
46505 | s | 8 9 | 1 2 3 4 5 6 7 10 | 12 14 15 17 18 19 20 22 23 24 25
46519 | s | 18 | 17 | 20 21 22 23 24 25 26
46581 | s | 15 | 14 16 17 22 | 18 19 20 21
4662 | s | 1 2 3 4 5 6 | 7 8 | 10 11 12 13
46638 | s | 1 | 2 3 | 5 7 8 9 12 13 14 15 16 17 19 21 22 23
46643 | s | 1 2 | 3 | 5 6 7 8 9 10 11 12 13 14 16 17 18 19 20 21
4665 | s | 1 | 2 3 4 5 6 7 9 11 12 13 14 15 18 | 20 21 22 23 24
46676 | o | 12 | 13 | 15 16 17
46678 | s | 1 | 2 | 4 5 6 7 8 9
46689 | s | 1 | 2 3 4 5 6 7 9 10 11 12 13 15 16 17 18 19 20 | 22 23 24
4669 | s | 1 | 2 3 | 5 6 7 8 9 10 11 12 13 14 15 16 17
46813 | o | 7 | 8 9 10 12 13 14 15 16 17 | 19 20 21 22 23 24 25 26 27 28 29 30 31
46815 | s | 10 11 | 12 13 | 15 16 17 18 19 20 21 22 23
46823 | s | 17 | 16 | 7 9 10 11 12 13
46839 | s | 4 | 1 2 3 | 6 7 8 9 10 11 12 13 14
46994 | s | 13 | 15 | 17 18 19 20 21 22
47054 | s | 1 | 2 | 4 5 6 7 8
47061 | s | 1 2 3 4 5 6 7 | 15 16 | 18 19 20 21 22 23
47118 | s | 1 2 | 3 4 | 6 7 8 9 10 11 12 13 14 15 16 18 20 21 22
47122 | o | 6 7 8 9 | 1 2 3 4 5 10 | 12 13 14 15 16
47130 | s | 1 2 3 4 5 | 6 7 8 9 | 11 12 13 14 15 16 17 18 19 20 21 22 23 24 25 27 28 29
47134 | s | 10 11 | 1 2 3 4 5 6 7 8 9 12 | 14 15 16 17 18 19 20 21 22 23 25 27
47139 | o | 6 7 | 8 | 10 11 12 13 14
47169 | s | 3 4 | 1 2 | 6 7 8 9 10 11 12 13 15 16 17 18 19 20 21
47187 | o | 3 | 1 2 4 | 6 7 8 9 10 11 12 13 14 15 16 17
47249 | s | 1 2 3 4 5 6 7 8 9 10 11 | 12 13 14 15 16 | 18 19 20 21 22 23 24 25 26 27
47277 | s | 1 2 | 3 4 5 6 7 8 | 10 11 12 13 14 15 16 17 18 19 20 21 22
47346 | s | 1 2 3 4 | 5 6 7 9 11 12 13 | 15 16 17 18 19 20 21 22 23 24 25 26
47350 | o | 11 | 12 | 15 16 17 18 19 20 21 22 23
476 | s | 1 2 3 4 5 | 6 | 7 8 9 10 11 12 13
47693 | s | 2 3 | 4 5 6 7 | 9 10 11 12 13
4771 | s | 1 2 | 3 4 5 6 8 9 10 12 13 14 15 16 17 | 19 20 21 22 23 24 26 27 28 29 31 32 33 34 35 36
47871 | s | 1 | 2 3 | 5 6 7 8
47883 | s | 24 | 1 2 3 4 5 6 7 8 9 10 11 12 13 14 15 16 17 18 19 20 21 23 | 25 26 27 28 29 30 31
4817 | s | 5 6 7 | 1 2 3 4 8 9 10 | 12 13 14 15 16 17
48300 | s | 57 | 51 52 53 54 56 | 59 60 61 62 63 64
48362 | o | 4 5 | 1 2 3 6 | 8 9 10 11 12
484 | s | 2 | 3 | 5 6 7 8 9 10
48529 | s | 12 | 22 | 13 14 16 17 19 20 21
48541 | s | 7 9 10 12 13 15 16 17 18 19 20 21 22 23 24 25 26 27 28 29 31 32 33 34 35 36 37 | 60 | 44 45 46 47 48 49 50 51 52 54 55 56 57 59
4862 | s | 5 | 1 2 3 4 | 7 8 9 10 11
48625 | s | 26 | 1 2 3 4 5 6 7 8 9 10 11 12 13 14 15 16 17 18 19 20 21 22 24 25 27 | 29 30 31 32
48732 | s | 3 4 5 | 1 2 6 7 8 9 10 | 12 13 14 15
48789 | s | 4 5 | 1 2 3 | 7 8 9 10
48838 | s | 3 4 | 1 2 5 6 | 8 9 10 11 12 13 14 15 16 17 18 19 20 21 22 23 24 25 26 27 28
48869 | s | 8 | 1 2 3 4 5 6 7 9 10 | 11 12
48882 | s | 8 | 1 2 3 4 5 6 7 9 10 11 | 13 14 15 16
48939 | s | 1 2 3 | 4 5 6 9 10 11 12 13 14 | 16 17 18 19 20 21 22
48991 | s | 2 | 1 3 4 5 | 7 8 9 10 11 12 13 14
49013 | s | 1 2 | 3 4 5 | 7 8 9 10 11 12 13 14 15 16 17
49032 | s | 33 35 36 | 32 38 39 | 41 42 43 44
49088 | o | 6 7 8 10 | 1 2 3 4 5 12 13 | 15 16 17 18 19 20 21
49128 | s | 6 | 7 8 9 | 11 13 14 15 16 17 18 19 20
49150 | s | 7 | 1 2 3 4 5 9 10 11 12 | 14 15 16 17 18 19 20 21 22 23 24 25 26
49168 | o | 6 7 8 9 11 12 | 1 2 3 4 5 14 15 | 17 18 19 20
49206 | s | 1 | 2 3 4 5 | 7 8 10 11 12 13 14 16 17 18 19 20 21 23 24 25 27 28
49230 | s | 1 | 2 3 4 | 6 7 8 9 10
49253 | s | 1 | 2 3 4 5 6 7 8 9 10 | 12 13 14 16 17 18 19 20 21 22 23 24 25 26 27 28
49304 | s | 1 2 | 3 4 5 6 | 8 9 10 11 12 13 14 15 16
49305 | s | 3 | 1 2 4 5 6 7 8 9 10 11 12 13 14 15 16 | 18 19 20 21 22 23 24 25 26 27 28 29 30 31 32
49307 | o | 3 4 | 1 2 5 | 7 8 9 10 11 12 13 14
49326 | s | 1 2 3 5 | 7 8 10 11 12 13 | 15 16 17 18 19 20 21
49370 | o | 11 12 | 1 2 3 4 5 7 8 10 13 | 15 16
49391 | s | 1 3 4 5 | 7 8 | 10 11 12 13 14 15 16 17 18 19 20 21 22 23 24 25 26
49392 | s | 15 16 17 | 13 14 | 19 20 21 22 23
49440 | s | 2 | 1 3 4 5 | 7 8 9 10 11 12 13 14 15
49485 | s | 10 11 | 12 | 1 2 3 4 5 6 7
49534 | s | 1 | 4 5 | 7 8 9 10 11 12
49553 | o | 1 | 5 | 7 8 9 10 11 12 13 14 15 16 17 18 19
49596 | s | 1 2 3 4 5 | 6 7 8 9 10 11 12 | 14 15 16 17 18 19 20 21
49598 | o | 6 7 8 10 | 1 2 3 4 5 12 13 | 15 16 17 18 19 20 21
49613 | s | 1 2 | 3 4 5 | 7 8 9 10 11
49631 | s | 1 2 | 3 4 5 6 7 | 9 10 11
49635 | s | 1 2 3 | 4 5 | 7 8 9 10 11 12 13 14 15 16
49661 | o | 3 4 | 1 2 5 | 7 8 9 10 11 12 13
49663 | s | 1 2 3 | 4 5 6 7 | 9 10 11 12 13 14 16 17 18 19 20 22 24
49700 | o | 7 8 9 | 13 | 15 16 17 18 19 20 21 22 23 24
49724 | s | 1 2 3 4 6 7 8 10 | 12 13 14 15 | 17 18 19 20 21 22
49728 | s | 1 2 | 3 4 | 6 7 8 9 10 11 12 13 14 15
49749 | s | 1 2 3 4 6 | 8 9 | 11 12 13 14 15 16 17 18 19
49770 | o | 8 9 | 1 2 3 4 5 6 7 10 | 12 13 14 15 16 17 18 19
49810 | o | 5 6 | 1 2 3 4 7 | 9 10 11 12 14 15 16 17 19 20 22 23
49851 | s | 1 2 3 4 5 6 7 8 | 9 10 11 12 13 14 | 16 17 18 19 20 21 22 23
49861 | s | 1 2 3 4 6 7 8 9 10 11 12 13 14 | 18 | 20 21 22 23
49868 | s | 1 2 | 3 | 5 6 7 8 9 10 11 12 13 14 15 16 17 18 19
49874 | s | 1 2 3 4 5 6 7 9 | 11 12 | 14 15 16 17 18 19 20 21 22
49895 | s | 1 2 3 4 5 7 8 | 10 11 12 13 14 15 16 17 | 19 20 21 22 23 24 25 26 27 28 29 30 31 32 33 34
49896 | s | 16 | 7 9 10 11 13 14 15 17 18 19 20 21 22 | 23 24
49907 | s | 1 2 3 4 | 5 6 7 8 9 | 11 12 13 14 15
49938 | o | 6 | 1 2 3 4 5 7 | 9 10 11 12 13 14 15 16 17 18 19
49974 | s | 1 2 3 4 5 | 6 7 8 9 10 11 | 13 14 15 16 17 18 19 20 21 22 23
49987 | s | 1 2 | 3 4 5 6 | 8 9 10 11 12 13 14 15
49997 | s | 1 2 4 | 6 7 8 9 | 11 12 14 15 16 17 19 20 21 22 23
50015 | o | 3 4 5 6 7 | 1 2 8 | 10 11 12 13
50054 | s | 10 11 | 1 2 3 4 5 6 7 8 9 12 13 14 15 16 17 | 19 20 21 22 23 24 25 26 27 28 29 30
50187 | s | 7 8 9 10 | 1 2 3 4 5 6 11 12 13 14 | 16 17 18 19 20 21 22 23 24 25 26 27 28 29 30 31
50411 | o | 13 | 15 | 18 19 20 21 22 23 24
50426 | s | 7 8 | 6 19 | 9 10 11 12 13 14 15 16 17 18
5068 | s | 6 7 8 9 | 1 2 3 4 5 12 | 10 11
5078 | s | 1 2 3 4 5 6 7 8 9 10 12 13 | 15 16 17 18 19 | 20 21 22 23 24 25 26 27 28 29 30
5079 | s | 1 2 3 4 5 7 8 9 10 11 12 13 14 15 16 17 18 19 20 21 22 23 24 25 26 27 28 | 30 31 32 33 34 | 36 37 38 39 40 41
5187 | s | 1 | 2 3 4 5 6 7 | 9 10 11 12 13 14 15 16 17 18 19
5223 | o | 3 4 6 7 8 9 10 12 13 14 15 16 18 19 20 21 22 24 25 26 27 28 29 30 31 32 33 34 | 1 2 36 | 38 39 40 41 42 43 44 45 46 47 48
5226 | s | 1 | 2 3 4 5 6 | 8 9 10 11 12 13 14 15 16 17
5334 | o | 3 4 | 1 2 5 | 7 8 9 10 11 12 13 14 15 16 17 18
539 | o | 14 15 | 9 10 11 12 13 16 | 18 19 20 21 22 23
5449 | s | 2 | 3 | 5 6 7 8 9 10 11 12
5457 | s | 2 | 3 5 6 7 8 9 11 12 | 15 16 17 18 19 21 22
5460 | s | 5 | 1 2 3 4 6 7 8 9 | 12 13 14 16 17 18 19 20 21 22
5586 | s | 6 | 7 8 9 10 | 12 13 14 15 16 17 18 19 20 22 23 24 25
559 | s | 4 | 1 2 3 5 6 7 8 9 10 11 12 14 15 17 | 19 20
5598 | s | 13 14 | 12 15 16 | 18 19 20 21
5655 | s | 1 2 | 3 4 | 6 7 8 9
5721 | s | 4 5 | 1 2 3 6 7 8 9 10 | 11 12
5751 | s | 2 | 11 | 13 14 15 16 17 18
5763 | s | 2 | 3 12 | 4 5 6 7 8 9 10 11
5771 | s | 4 5 6 7 | 1 2 3 8 | 11 12 13 14 15 17 19
5774 | s | 17 | 18 19 | 21 22 23
5777 | s | 10 | 11 | 13 14 15 16 17 18 19
5905 | s | 12 13 14 15 16 17 18 | 1 2 3 5 6 7 8 9 10 11 | 20 21 22 23
6002 | s | 1 3 4 5 6 7 8 9 10 11 12 13 14 15 | 17 18 19 | 21 22 23 24 26 27 29 30 31 32 33
6026 | s | 3 | 1 2 4 5 | 7 8 9 10 11
6072 | s | 4 5 6 | 10 | 12 13 14 15 16 17 19 20 21 22 23 24 25 26 28 29 30 31
6088 | s | 1 2 3 4 | 5 6 7 8 9 10 11 | 13 14 15 16 17 18 19
6257 | o | 1 | 2 3 4 | 6 7 8 9 10 11 12
6265 | s | 15 | 13 14 24 | 16 17 18 19 20 21 22 23
6350 | s | 1 2 | 3 4 5 6 7 8 | 10 11 12
6388 | s | 14 | 13 15 | 17 18 19 20
6467 | s | 5 | 1 2 3 4 6 | 8 9 10 11 12 14 15 16 18 20 21 22 23 24 26 27 28
6473 | s | 5 6 7 | 1 2 3 4 8 9 10 11 | 13 14 15 16 17 18 19 20
6587 | s | 1 2 3 | 4 16 | 5 6 7 8 9 10 11 12 13 14 15
6732 | s | 5 6 | 1 2 3 4 | 8 9 10 11 12 13 14 15 16 17 18
6811 | s | 11 12 13 14 15 16 | 1 2 4 5 6 7 8 9 10 | 18 19 20 21 22 23 24 25
682 | s | 1 2 3 | 4 5 6 7 | 9 10 11 12 13 14 15 16 17
6828 | s | 1 | 2 3 4 5 6 7 8 | 10 11 12 13 14 15
6906 | s | 19 | 18 20 | 22 23 24 25 26 27
7075 | s | 1 | 2 3 4 5 6 7 | 9 10 11 12 13 14 15
7093 | s | 3 | 1 2 | 5 6 7 8 9 11 12 13 14
7119 | s | 27 28 29 | 2 3 5 6 7 8 9 10 12 14 15 16 17 18 19 20 21 22 23 24 26 30 31 32 | 33 34
731 | s | 1 2 | 3 4 | 6 7 8 9 10 11 12 13 14 15 16 17 18 19 20 21
7334 | s | 1 | 2 | 4 5 6 7 8 9 10 11 12 13 14 15
7380 | s | 1 2 | 3 4 | 6 7 8 10 12 13 14 15
7403 | s | 20 21 22 | 19 23 24 25 26 27 | 29 30 31 32 33 34 35 36 37
7442 | s | 2 3 4 | 1 5 6 7 | 9 10 11
7484 | s | 2 3 | 4 | 6 7 8 9 10 11 12 13 14 15
749 | s | 5 | 1 2 3 4 6 7 | 9 10 11 12 13 14 15 16 17 18 19
7517 | s | 7 | 6 8 16 | 9 10 11 12 13 14 15
7571 | s | 8 9 10 11 12 | 7 | 1 2 3 4 5
7580 | s | 5 6 | 1 2 3 4 | 8 9 10 11 12 13 14 15 16 17
7611 | o | 6 7 8 | 9 10 | 12 13 14 15 16 17 19 20 21 22 24 25 26
7618 | s | 1 2 3 | 4 5 6 | 9 10 11 12 13
7627 | s | 1 2 3 4 | 23 | 25 26 27 28 29 30 31 32 33 34 35
7628 | s | 3 | 1 2 4 5 6 7 8 9 | 11 12 13 14
7670 | s | 1 | 2 3 4 | 6 7 8 9 10 11 12 13
7671 | s | 1 2 3 | 5 6 7 | 9 10 11 12 13 14 15 16 17 18
7726 | o | 5 6 7 | 1 2 3 4 8 9 | 11 12 13 14 15 17 18 19 20 21 22 23 24 25 26 27
7762 | s | 1 | 2 3 | 5 6 7 8 9
780 | s | 3 4 5 | 1 2 6 7 8 9 | 11 12 13 14 15 16 17 18 19 20 21 22 23 24
784 | s | 16 | 15 17 | 19 20 21 22 23
784 | s | 30 | 25 26 27 28 29 | 31 32
7848 | o | 4 5 6 8 | 1 2 3 10 | 12 13 14 15 16
7947 | s | 1 | 2 | 4 5 6 7 8 9 10
80 | s | 3 | 1 2 | 4 5 7 8 9 10 11 12 13 14 15 17 18 19 20 21 22
859 | o | 3 4 | 1 2 5 6 7 8 9 10 11 13 14 16 17 19 20 21 | 23 25 26 28 29
863 | s | 15 | 14 16 17 18 19 20 21 26 | 22 23 24 25
894 | s | 3 4 | 1 2 5 | 7 8 9 10 11 12 13 14 15 16 17 18 19 20
895 | s | 13 14 | 15 | 16 17 18 19 20
952 | s | 11 12 | 9 10 13 | 15 16 17 18 19
953 | s | 1 2 | 3 16 17 18 20 21 22 23 25 26 27 28 30 31 32 33 34 35 36 37 38 | 4 5 6 7 8 9 10 11 12 13 14
957 | s | 19 | 1 2 3 4 5 6 8 9 10 11 12 13 14 15 16 18 20 21 22 | 24 25 26 27 28 30 32 33 34 35 36
963 | s | 1 2 | 3 4 5 6 7 | 9 10 11 12 13 14 15 16 17 18
984 | s | 28 | 1 2 3 4 5 6 7 8 9 11 12 13 14 15 16 17 18 19 20 21 22 23 24 25 27 29 | 31 32 33 34
