10042 | r | 24 25 | 34 | 33
10050 | r | 19 | 18 20 21 22 23 24 25 26 29 | 27 28
10066 | r | 50 51 52 53 54 | 64 49 55 56 57 58 59 60 61 62 63 | 65 66
10081 | r | 3 | 1 2 4 5 6 7 8 9 10 11 12 13 15 16 17 19 21 22 24 25 26 28 | 27
10147 | r | 5 | 1 2 3 4 6 7 8 9 10 | 11 12
10195 | r | 4 5 6 7 | 1 2 3 9 10 11 12 | 8
10299 | r | 9 | 8 10 11 12 | 13
10316 | r | 2 3 4 5 6 8 9 10 11 12 13 14 15 16 17 18 19 20 | 23 24 25 26 27 28 29 | 30 31
10316 | r | 17 18 | 8 9 10 11 12 13 14 15 16 20 | 19
10409 | r | 1 2 | 3 4 5 6 7 8 9 10 11 | 12 13
10414 | r | 24 25 26 27 | 32 34 23 28 29 30 31 | 33
10494 | r | 20 | 32 21 22 23 24 25 26 27 28 29 | 30 31
10584 | r | 4 5 6 | 1 2 3 7 9 11 12 13 14 15 16 17 18 19 | 8
10607 | r | 4 | 1 2 3 | 5 6
10615 | r | 1 | 10 11 12 13 14 15 16 17 18 | 19
10632 | r | 1 2 | 3 4 5 6 7 8 9 10 14 15 16 17 | 11 12
10638 | r | 11 | 21 | 20
10659 | r | 3 | 5 | 4
10700 | r | 3 4 5 6 7 8 10 11 12 13 15 16 | 1 2 17 18 19 20 21 22 24 26 27 28 29 30 31 | 23
10781 | r | 16 | 22 | 21
10816 | r | 10 11 12 | 19 | 18
10819 | r | 18 | 17 19 21 | 20
1088 | r | 3 | 1 2 4 5 6 7 8 9 10 11 12 13 | 14
10901 | r | 7 8 9 | 10 11 13 | 12
10924 | r | 7 8 9 10 | 1 2 3 4 5 6 11 12 13 17 18 19 20 21 22 23 24 25 26 27 28 29 30 31 32 33 | 14 15
10975 | r | 1 2 3 | 8 9 | 10 11
10988 | r | 9 10 11 | 1 2 3 4 6 8 | 12
10991 | r | 1 2 | 4 5 6 7 9 10 11 12 13 14 | 15 16
11000 | r | 2 3 | 1 5 6 7 | 8 9
11202 | r | 5 6 7 8 9 10 11 12 | 1 2 3 4 13 14 15 16 17 18 19 20 21 | 22
11217 | r | 3 4 5 6 | 1 2 | 7
11265 | r | 5 6 7 | 1 2 3 4 9 11 12 13 14 15 16 17 18 19 | 8
11276 | r | 6 7 8 | 1 2 3 4 5 9 10 11 12 13 15 | 14
11301 | r | 8 | 9 12 14 15 17 18 19 20 | 10 11
11342 | r | 1 2 3 | 10 | 9
11434 | r | 46 47 | 45 48 49 50 52 | 51
11521 | r | 1 2 3 4 5 6 7 9 10 | 12 13 14 15 16 | 17
11522 | r | 7 8 9 | 6 10 13 | 11 12
11533 | r | 4 | 5 6 7 8 9 12 | 10 11
11533 | r | 34 | 33 35 | 36 37
11592 | r | 22 | 23 24 25 26 27 28 31 | 29 30
11608 | r | 11 | 3 4 6 7 8 10 12 13 15 16 17 18 19 20 21 22 23 24 26 27 28 29 30 | 31
11620 | r | 7 8 9 10 11 12 13 14 15 16 17 18 20 21 22 24 25 26 27 28 29 30 32 33 | 2 3 | 4 5
11632 | r | 2 3 4 | 5 9 10 11 12 13 14 15 16 17 18 19 20 | 6 7
11632 | r | 9 10 11 12 13 | 19 | 17 18
11725 | r | 8 9 11 12 13 14 15 16 17 | 1 2 3 4 5 6 7 19 | 20
11736 | r | 4 | 12 | 11
11827 | r | 16 17 | 18 19 20 24 25 26 27 28 29 30 31 | 21 22
11828 | r | 1 2 3 4 5 6 7 8 | 10 | 11 12
11844 | r | 19 20 21 22 | 18 23 24 25 26 27 30 | 28 29
11871 | r | 4 5 6 7 | 1 2 3 8 9 | 10 11
119 | r | 16 17 18 19 20 21 | 11 14 | 12 13
11929 | r | 14 15 | 1 2 3 4 6 7 8 9 11 12 13 16 17 18 20 22 23 24 25 26 28 29 30 31 | 32 33
11944 | r | 9 | 10 11 12 13 14 15 16 19 | 17 18
12024 | r | 1 2 3 4 5 6 7 8 9 | 10 | 11
12118 | r | 1 2 3 4 5 6 7 8 9 10 11 12 | 22 23 24 25 26 27 28 29 | 30 31
12149 | r | 16 | 17 18 19 20 21 22 23 24 27 | 25 26
12178 | r | 1 2 3 4 | 5 6 7 | 8 9
12224 | r | 4 5 | 1 2 3 6 7 8 9 | 10
12269 | r | 1 2 3 4 | 5 6 | 7
12358 | r | 3 5 7 8 9 11 12 13 14 15 16 17 18 19 20 | 1 2 22 23 24 | 25 26
1237 | r | 12 | 10 11 13 14 15 16 18 | 17
12429 | r | 13 | 11 12 14 15 16 17 18 19 20 23 | 21 22
12495 | r | 10 11 12 | 8 9 15 | 13 14
12540 | r | 2 | 3 4 8 9 10 11 12 13 14 | 5 6
12630 | r | 15 16 | 14 17 18 19 22 | 20 21
12673 | r | 6 7 | 5 8 9 10 11 12 13 14 15 16 19 20 | 17 18
12691 | r | 7 8 | 16 | 10 11 12 13 14 15
12729 | r | 1 2 3 4 | 6 7 8 9 10 11 12 14 15 16 17 19 20 21 25 26 27 29 30 31 32 33 | 22
12733 | r | 9 10 | 15 | 13
12744 | r | 1 2 3 4 5 6 7 8 9 | 11 | 12
12745 | r | 1 2 4 5 6 7 8 9 10 11 12 | 14 15 16 17 18 19 20 21 22 26 27 28 29 30 31 32 34 35 36 37 38 40 41 42 43 44 | 23 24
12745 | r | 40 | 41 42 44 | 43
12746 | r | 47 48 | 46 51 52 | 49 50
12833 | r | 6 | 9 | 7 8
1291 | r | 4 5 6 7 | 8 9 10 11 12 | 13 14
12955 | r | 8 9 | 5 6 7 10 12 13 14 15 16 18 19 20 | 21 22 24
12959 | r | 7 8 9 | 6 10 11 14 | 12 13
13038 | r | 25 | 32 33 23 24 28 29 30 31 | 26
13038 | r | 11 12 | 13 14 15 16 17 18 20 21 | 19
13071 | r | 6 | 7 8 11 | 9 10
13074 | r | 1 2 3 4 5 6 7 9 10 11 | 13 14 | 15 16
13084 | r | 10 11 | 12 13 14 15 16 17 19 20 | 18
13092 | r | 20 21 22 23 24 | 25 28 | 26 27
13131 | r | 7 | 20 21 22 23 26 | 24 25
1319 | r | 34 35 | 1 2 3 4 5 6 7 9 10 11 12 13 14 15 16 17 18 20 21 22 23 25 27 28 29 30 32 33 | 36
13198 | r | 11 12 13 | 10 14 15 16 19 | 17 18
13225 | r | 8 | 1 2 3 4 5 6 7 11 | 9 10
13247 | r | 1 2 | 3 4 5 6 | 7 8
13336 | r | 18 | 14 15 16 17 20 22 23 25 | 24
13360 | r | 30 31 32 | 33 35 29 | 34
13403 | r | 7 8 9 | 10 11 12 | 13
13537 | r | 13 | 17 | 16
13570 | r | 4 | 5 6 7 8 9 12 | 10 11
13616 | r | 4 | 1 2 3 10 11 | 5 6 7 8
13617 | r | 24 | 25 26 29 | 27 28
13665 | r | 10 | 11 12 14 15 | 13
13689 | r | 9 | 10 11 | 12 13
13737 | r | 19 20 | 14 15 16 17 18 21 22 23 24 25 | 26
13766 | r | 4 5 | 1 2 3 | 6
13785 | r | 15 | 14 16 17 18 19 20 21 23 25 | 24
13820 | r | 3 4 5 | 1 2 6 7 8 9 10 11 12 | 13 14
13822 | r | 8 9 10 | 1 4 5 6 7 | 2 3
13843 | r | 7 8 | 1 2 3 4 5 6 9 10 11 12 13 14 17 18 19 20 21 22 23 24 26 27 28 29 30 31 32 33 | 15
13843 | r | 19 | 32 33 17 18 20 21 22 24 26 27 28 29 30 31 | 23
13875 | r | 26 27 28 | 9 10 11 13 14 15 16 17 18 19 20 21 22 23 24 25 29 30 | 31
13942 | r | 1 | 2 3 4 5 8 9 10 11 12 13 14 15 16 | 6
13947 | r | 3 | 1 2 4 | 5 6
13972 | r | 11 12 | 2 3 4 5 6 7 8 9 10 | 13
14025 | r | 13 14 15 | 12 16 17 18 20 | 19
14041 | r | 2 3 4 5 6 | 7 8 9 10 11 | 12 13 14 15
14059 | r | 1 | 2 3 4 5 6 7 8 | 9
14070 | r | 10 | 1 2 3 4 5 6 7 8 9 11 12 13 15 16 17 18 | 19
14088 | r | 30 31 | 32 33 34 35 37 29 | 36
14092 | r | 38 | 36 37 39 | 40
14132 | r | 12 | 1 2 3 4 5 7 8 9 11 13 14 15 16 19 20 21 22 23 24 25 26 27 28 29 30 | 17
14147 | r | 9 10 | 1 3 4 5 6 7 8 11 12 13 14 15 16 | 17
14161 | r | 13 | 14 15 16 17 18 19 20 21 22 25 | 23 24
1420 | r | 8 9 10 11 12 13 14 15 | 1 2 3 4 5 | 6
14217 | r | 3 | 1 2 4 5 6 7 8 | 9 10 11 12 13 14
14224 | r | 17 | 23 | 22
14248 | r | 22 | 19 20 21 23 24 25 26 27 | 28
14331 | r | 1 2 | 3 | 4 5 6 7 8 9
14357 | r | 7 8 9 10 12 13 14 15 | 1 2 3 | 4 5
14387 | r | 4 5 | 1 2 3 8 9 10 11 12 13 | 6
14391 | r | 18 19 20 | 17 23 | 21 22
14402 | r | 1 2 | 3 4 5 6 7 8 9 10 11 12 13 14 15 | 16 17
14428 | r | 9 10 11 12 13 14 15 16 17 18 19 20 21 22 23 24 25 26 27 28 29 30 31 32 33 34 35 36 37 | 1 2 3 4 5 6 | 7
14433 | r | 1 2 | 3 4 5 6 7 8 12 13 14 15 16 17 18 20 21 22 23 24 25 26 27 28 29 30 31 33 34 35 36 37 38 39 41 42 43 44 45 46 47 48 49 50 51 52 53 54 55 | 9 10
14442 | r | 1 2 3 4 5 6 7 8 9 10 11 | 13 14 15 | 16 17
14450 | r | 21 22 | 34 23 24 25 26 27 28 | 29 30 31 32 33
14477 | r | 21 22 | 20 23 24 25 26 27 30 | 28 29
14486 | r | 22 23 24 25 26 27 28 29 30 31 32 34 35 36 37 38 39 40 41 | 1 2 3 4 5 7 8 9 10 11 12 13 14 16 17 18 | 19 20
14491 | r | 6 7 | 5 8 9 10 13 | 11 12
14502 | r | 1 2 3 | 4 5 6 7 8 9 | 10 11
14596 | r | 7 | 1 2 3 4 5 6 8 9 11 12 13 15 18 19 20 21 22 23 24 | 16
14618 | r | 5 6 7 8 9 | 1 4 | 2 3
14633 | r | 1 2 | 4 5 6 7 9 12 13 14 15 | 16 17
14641 | r | 12 13 14 | 15 16 17 18 19 21 | 20
14674 | r | 1 2 | 3 4 5 | 6 7
14680 | r | 1 2 3 4 | 5 6 7 8 | 9 10
14804 | r | 8 | 7 9 10 11 12 13 14 15 17 | 16
14817 | r | 1 3 5 6 7 8 10 11 | 13 14 17 18 19 20 21 23 24 25 26 27 | 15 16
14838 | r | 1 2 3 | 4 5 6 7 | 8
14910 | r | 1 | 2 3 4 5 6 7 8 9 10 11 12 13 14 15 16 17 18 19 | 20 21
14922 | r | 2 3 5 6 7 8 9 10 | 1 12 13 14 15 16 | 17 18
14964 | r | 6 7 8 | 5 9 10 12 | 11
1502 | r | 12 | 1 2 3 5 6 7 8 9 11 13 14 15 16 17 18 19 22 23 24 25 26 | 20
15103 | r | 1 2 | 16 | 15
15154 | r | 27 | 32 33 35 26 28 29 30 31 | 34
15193 | r | 9 10 11 | 13 | 12
15212 | r | 15 16 | 18 | 17
15218 | r | 4 | 3 5 6 7 8 9 10 14 | 12
15240 | r | 17 | 16 18 19 20 21 25 | 23
15391 | r | 3 | 4 5 6 7 8 9 10 13 | 11 12
15406 | r | 17 18 19 21 | 14 15 16 | 23
15406 | r | 1 2 3 | 4 5 6 7 8 9 10 | 11 12
15450 | r | 1 | 7 8 9 10 11 | 12 13
15584 | r | 1 3 4 | 6 7 8 9 10 11 | 12
15588 | r | 3 4 | 1 2 5 6 9 10 11 13 14 15 17 18 19 20 21 | 7
156 | r | 9 10 11 12 13 | 1 2 3 4 5 6 7 8 15 | 14
15868 | r | 1 | 2 3 6 7 8 10 11 12 13 14 15 16 17 18 19 | 4 5
15881 | r | 18 | 17 19 20 21 22 23 25 | 24
15950 | r | 3 4 | 1 2 5 6 7 | 8 9
15988 | r | 6 7 8 9 10 11 12 13 14 15 16 17 18 | 1 2 | 3 4
1613 | r | 3 4 | 1 2 | 5 6
16217 | r | 1 2 | 3 4 | 5
1627 | r | 26 27 28 | 23 24 25 30 | 29
1636 | r | 7 8 9 11 14 | 1 3 4 6 | 16
16380 | r | 29 | 32 21 22 23 24 26 27 28 | 30 31
16384 | r | 7 8 | 1 2 3 4 5 6 | 9 10
16399 | r | 4 | 1 2 3 5 6 7 11 12 13 14 15 16 17 19 21 22 23 24 25 26 27 28 30 31 32 34 35 36 | 8 9
164 | r | 8 | 13 | 12
1642 | r | 1 2 3 4 5 6 7 8 9 | 10 11 12 13 | 14 15
16433 | r | 30 31 | 32 33 34 22 24 25 26 27 28 | 35 36
16484 | r | 3 4 5 | 1 2 6 7 | 8 9
16502 | r | 5 | 1 2 3 4 6 7 10 11 12 13 14 15 | 8
16537 | r | 10 11 12 | 9 13 14 15 16 17 18 19 20 21 22 23 26 | 24 25
16538 | r | 8 9 10 11 12 13 | 14 15 16 17 18 | 19 20
16540 | r | 1 | 2 | 3 4 5
16541 | r | 1 | 2 3 4 5 6 7 11 12 13 14 | 8 9
16565 | r | 3 4 | 1 2 5 6 7 8 9 10 11 | 12 13
16602 | r | 37 38 | 34 35 36 40 | 39
16616 | r | 3 4 5 6 7 | 8 9 | 10 11
16622 | r | 5 | 1 2 3 4 6 7 8 9 | 10 11 12
16695 | r | 32 33 | 36 | 34 35
16698 | r | 3 4 6 7 8 9 10 12 13 14 15 16 17 18 19 | 2 21 22 23 24 25 26 27 28 29 30 | 1
16703 | r | 7 8 9 | 1 2 3 4 5 6 | 10 11
16741 | r | 18 19 20 | 16 17 21 22 | 23
16771 | r | 12 | 19 | 18
16773 | r | 4 | 3 5 | 1 2
16780 | r | 1 2 | 3 | 4 5 6 7 8
16845 | r | 6 7 8 9 10 12 13 14 15 16 17 18 19 21 22 23 24 25 26 27 28 30 31 32 33 34 35 36 37 38 | 1 2 | 3 4
16846 | r | 3 4 5 6 7 8 9 10 11 | 1 2 14 | 12 13
16867 | r | 1 2 3 5 6 7 8 9 10 11 12 13 14 15 17 18 19 20 21 22 23 24 25 26 27 28 29 31 32 33 34 35 36 37 | 40 41 42 | 43
1690 | r | 1 2 3 4 5 6 7 8 | 9 10 11 12 13 | 14
16941 | r | 16 | 17 14 15 | 18
1697 | r | 27 | 23 24 25 26 29 | 28
16972 | r | 2 | 1 3 4 5 6 7 9 10 11 13 14 15 16 17 18 19 20 21 22 23 | 24 25
16977 | r | 3 | 1 2 4 5 6 7 8 | 9 10
16993 | r | 7 8 10 | 1 2 3 4 5 6 13 | 12
17007 | r | 8 9 | 11 | 10
17014 | r | 12 13 | 1 2 3 4 5 6 8 9 10 11 | 14 15
17170 | r | 60 61 63 | 65 66 67 68 69 70 73 | 71 72
17183 | r | 20 | 1 2 3 4 5 7 8 9 10 11 12 13 14 15 17 18 19 | 21 22
17210 | r | 7 8 | 1 2 3 4 5 6 9 10 11 12 | 13 14
1723 | r | 1 2 3 4 | 5 6 | 7 8
17231 | r | 13 14 15 16 | 1 2 4 5 6 7 9 10 11 12 18 | 17
17241 | r | 1 2 3 4 5 7 8 9 10 11 12 13 14 15 16 17 18 | 19 20 21 22 23 24 26 28 29 30 31 32 33 34 | 35 36
17275 | r | 9 10 11 | 8 | 6 7
17287 | r | 4 | 2 3 5 6 | 1
17291 | r | 1 2 3 4 5 6 7 8 9 | 11 12 | 13 14
17342 | r | 10 | 1 2 3 4 5 6 7 8 9 | 11 12
17353 | r | 8 9 10 11 12 14 15 16 18 19 20 | 1 2 3 4 6 7 23 24 25 26 27 28 29 30 31 32 33 | 21
17356 | r | 27 | 25 26 28 29 | 30 31 32 33
17369 | r | 41 42 43 | 27 28 29 30 31 32 33 34 35 36 37 38 40 44 45 47 48 49 50 51 52 | 53 54
17406 | r | 4 5 | 1 2 3 6 7 8 9 10 11 12 13 14 15 | 16 17
17430 | r | 1 | 2 5 6 7 8 9 10 11 12 | 3 4
17432 | r | 14 15 16 17 18 19 | 12 13 20 21 22 23 24 25 26 29 | 27 28
17444 | r | 1 | 2 3 | 4 5
17450 | r | 9 | 12 13 | 10 11
17458 | r | 4 | 3 5 6 7 8 9 10 11 12 13 14 15 16 17 18 19 20 | 1 2
17466 | r | 10 11 | 16 | 12 13 14 15
17473 | r | 11 | 20 | 15 16 17 18 19
17524 | r | 10 11 12 | 9 | 7 8
17560 | r | 5 | 15 | 14
17578 | r | 1 2 | 3 4 5 6 | 7 8
17595 | r | 22 23 24 25 26 27 28 29 30 31 32 33 34 | 1 2 3 4 5 6 7 8 9 10 11 12 13 14 15 16 17 18 19 21 | 35 36 37
17595 | r | 3 4 | 1 2 5 6 7 8 9 10 11 12 13 14 15 16 | 17 18 19
17611 | r | 9 10 | 7 8 11 12 13 14 15 16 17 18 19 21 | 20
1763 | r | 2 3 | 4 5 6 7 8 12 13 14 15 16 17 18 19 20 21 22 23 24 25 | 9 10
17655 | r | 5 6 7 8 9 10 11 | 3 4 | 1 2
17656 | r | 7 8 9 | 1 2 3 4 5 6 10 11 12 13 14 15 16 17 18 19 20 | 21 22
17664 | r | 1 2 3 4 5 6 7 8 9 10 11 12 13 14 15 16 17 18 19 20 21 22 23 24 25 | 27 28 | 29 30
17665 | r | 30 31 32 33 34 35 36 37 38 39 40 | 24 25 26 | 27 28
17672 | r | 8 9 10 11 13 14 15 16 18 19 20 21 22 23 24 25 26 27 28 29 30 31 32 33 34 35 36 37 38 39 | 6 | 4 5
17684 | r | 1 2 3 | 4 5 6 | 7 8
17728 | r | 5 6 7 | 1 2 3 4 | 8 9
17769 | r | 2 3 4 5 6 7 | 1 8 9 10 11 12 13 | 14 15
17771 | r | 3 4 5 | 1 2 | 6 7
17777 | r | 15 16 17 18 | 4 5 6 7 8 10 11 13 14 | 19
17808 | r | 3 4 5 7 8 9 11 12 13 14 | 1 2 15 16 17 20 21 22 24 25 26 29 30 31 32 33 34 35 37 39 40 41 42 43 | 18
17840 | r | 1 2 3 4 5 6 7 8 9 10 11 12 | 14 15 16 17 18 19 20 21 23 24 25 26 27 28 29 30 31 32 33 34 37 38 | 35 36
17848 | r | 10 11 | 1 2 3 4 5 7 8 9 12 14 15 | 17 18
17853 | r | 21 22 | 20 23 24 25 26 29 | 27 28
17870 | r | 1 2 3 4 5 6 7 8 | 9 10 11 12 13 14 15 16 17 | 18 19
17874 | r | 11 12 | 7 8 9 10 13 14 17 19 20 21 22 24 26 27 28 | 15 16
17917 | r | 15 16 17 18 | 14 19 20 21 22 23 24 25 27 | 26
17946 | r | 7 8 9 10 11 12 13 14 15 16 17 18 19 20 21 22 23 24 25 26 27 | 1 2 3 | 4 5
18076 | r | 1 | 2 3 4 5 6 7 8 9 10 11 12 13 14 15 16 17 18 19 | 20 21
18088 | r | 2 3 5 6 7 8 9 10 | 1 12 13 14 15 16 | 17 18
1809 | r | 3 4 6 7 8 10 12 | 13 14 15 18 19 20 | 16 17
18126 | r | 1 | 2 3 4 5 6 7 8 9 | 10 11
18131 | r | 26 27 28 29 30 31 32 | 19 20 21 22 | 23 24
18137 | r | 12 | 1 2 4 5 6 7 8 9 11 13 14 15 16 17 18 | 19 20
18145 | r | 8 9 10 11 | 1 2 3 4 5 6 7 12 | 13 14
18169 | r | 1 2 3 | 4 5 | 6 7
18176 | r | 1 2 3 | 4 5 6 7 8 9 10 11 12 13 14 15 | 16 17
18184 | r | 3 4 | 1 2 5 6 7 8 9 | 10
1821 | r | 7 | 4 5 6 8 9 11 | 10
18216 | r | 15 16 | 8 9 10 11 12 13 14 18 | 17
18251 | r | 1 | 2 3 4 6 8 9 10 | 11
18311 | r | 16 17 18 | 1 3 4 5 6 7 8 9 10 12 13 14 15 21 22 23 24 25 26 27 28 29 30 31 32 33 34 35 36 37 38 39 | 19
1832 | r | 10 | 11 | 12 13
18326 | r | 11 12 | 8 9 10 13 14 15 16 17 18 19 20 21 22 | 23
18329 | r | 1 2 3 | 4 | 5 6
18348 | r | 7 8 | 2 3 4 5 6 9 10 11 12 13 | 14
18403 | r | 7 8 | 1 3 4 5 6 9 10 11 | 2
18521 | r | 11 12 13 14 15 16 17 18 | 1 2 3 4 5 6 7 8 9 10 19 20 21 22 25 26 27 28 29 30 31 32 33 34 35 | 23
18522 | r | 23 | 33 34 24 25 26 27 28 29 30 31 | 32
18544 | r | 1 | 2 3 4 5 7 8 | 10 11
18553 | r | 8 | 1 2 4 6 7 | 9 10
18567 | r | 4 | 1 2 3 5 6 7 8 9 10 11 12 13 14 15 16 | 17
1862 | r | 23 24 | 1 2 4 5 6 7 8 9 10 11 12 13 14 15 16 17 19 20 21 22 25 26 27 28 29 30 | 31
18635 | r | 7 8 | 1 2 3 4 5 6 12 13 14 15 16 17 18 | 9 10
18638 | r | 1 2 | 3 4 | 5
1871 | r | 22 23 | 21 27 | 24 25 26
18710 | r | 16 | 14 15 19 | 17 18
18846 | r | 5 | 6 7 8 11 14 | 15
18879 | r | 6 7 8 | 1 2 3 4 5 9 10 11 12 13 15 17 19 | 21
18968 | r | 7 8 9 | 1 2 3 4 5 6 10 11 | 12 13
19046 | r | 1 | 2 3 4 5 6 7 8 11 12 13 14 | 9 10
1909 | r | 1 | 2 3 4 5 6 7 8 9 10 11 12 13 17 18 19 21 22 23 24 25 26 27 28 29 30 31 32 33 34 35 37 38 39 40 41 42 | 14 15
1914 | r | 3 | 4 5 8 | 6 7
19196 | r | 6 | 1 2 5 7 8 9 10 11 12 13 14 16 17 19 20 22 23 24 25 26 27 28 29 30 31 32 33 34 | 3 4
19199 | r | 9 | 5 6 7 8 10 11 12 13 15 | 14
19211 | r | 3 | 1 2 | 4
19218 | r | 3 4 | 1 2 5 6 7 8 9 10 | 11 12
19237 | r | 8 | 9 10 11 | 12 13
19298 | r | 5 | 3 4 6 9 10 11 12 13 14 15 16 17 18 | 7
19315 | r | 3 4 5 6 | 1 8 9 10 11 12 13 14 16 17 18 19 | 20 21
19317 | r | 1 | 2 3 | 4 5
1935 | r | 5 6 7 8 9 10 | 14 | 13
19409 | r | 3 | 12 | 11
19651 | r | 4 5 | 6 7 | 8
19755 | r | 10 11 12 13 14 15 | 1 2 3 4 5 6 7 8 9 | 16
19756 | r | 1 2 | 3 4 5 | 6
19784 | r | 7 8 | 1 2 3 4 5 6 9 10 11 12 13 14 15 | 16
19817 | r | 14 | 9 10 11 12 13 15 17 18 19 20 22 23 24 25 | 26 27
19846 | r | 1 2 3 4 5 6 | 7 | 8
19904 | r | 1 2 3 4 5 | 6 7 8 9 10 14 15 16 17 18 19 20 21 22 23 24 25 | 11 12
19916 | r | 8 10 12 13 14 | 2 3 4 5 6 7 | 15 16
19919 | r | 7 8 10 11 12 14 15 16 17 18 20 21 22 23 24 25 | 2 3 4 | 5
19951 | r | 10 11 12 | 1 2 3 4 5 6 7 8 9 13 14 15 16 17 18 19 20 21 22 | 23 24
19971 | r | 14 | 15 16 18 19 20 21 22 23 24 26 | 25
19975 | r | 1 2 3 4 5 6 7 8 9 10 11 12 | 13 14 | 15
19993 | r | 19 | 32 33 34 36 20 21 22 23 24 25 26 27 28 29 30 31 | 35
20027 | r | 3 | 1 2 5 6 7 8 9 10 12 13 14 15 16 17 18 19 20 | 4
20060 | r | 19 20 21 22 23 | 18 27 | 24 25 26
20062 | r | 14 16 17 18 19 | 13 23 | 21 22
20218 | r | 8 9 10 11 | 1 2 3 4 5 7 12 13 | 14
20221 | r | 23 | 25 21 22 | 24
20272 | r | 19 | 18 20 21 22 23 24 25 26 27 | 28
2028 | r | 9 | 1 2 3 5 6 7 8 10 11 12 13 14 15 16 | 17
2036 | r | 5 | 4 6 7 8 9 12 | 10 11
20402 | r | 3 4 | 1 2 5 6 7 8 10 11 12 13 14 15 16 17 18 19 | 20 21
20407 | r | 21 22 | 15 16 17 18 19 20 24 | 23
20414 | r | 28 29 30 31 32 | 34 35 21 22 23 24 25 26 27 | 33
2045 | r | 4 5 | 1 2 3 6 7 8 10 11 12 | 14
20472 | r | 1 2 | 4 5 6 7 8 9 10 12 13 16 18 19 20 21 22 23 | 14 15
20479 | r | 19 20 | 21 23 24 25 | 26 27 28
20486 | r | 20 21 | 15 16 17 18 19 23 24 | 22
20536 | r | 6 7 8 9 | 1 2 3 4 5 | 10 11 12
20557 | r | 1 2 3 | 4 5 6 7 8 9 10 11 12 13 14 15 16 | 17 18
2063 | r | 2 | 3 4 5 6 7 8 11 | 9 10
20640 | r | 4 | 1 2 3 5 6 7 8 9 13 14 15 16 17 18 19 20 | 10 11
20702 | r | 7 8 9 10 11 12 | 1 2 3 4 5 6 13 14 15 16 | 17 18
20721 | r | 12 | 10 11 13 14 15 16 19 | 17 18
20735 | r | 12 | 11 13 14 18 | 15 16 17
20738 | r | 6 | 1 2 3 4 5 7 8 9 | 10
20846 | r | 17 18 19 | 5 6 7 8 9 10 11 12 13 14 15 16 21 22 | 20
20877 | r | 1 2 3 4 | 5 6 7 8 9 10 11 | 12 13
20990 | r | 14 | 15 16 17 20 | 18 19
20998 | r | 15 16 | 14 17 18 19 20 21 22 23 24 25 26 28 | 27
21065 | r | 15 | 4 5 6 7 8 9 10 11 12 13 14 17 | 16
21077 | r | 12 13 14 15 | 1 2 3 4 5 6 7 8 9 10 11 16 17 18 19 23 24 25 26 27 28 29 30 | 20 21
21081 | r | 3 4 | 1 2 5 6 7 8 9 10 11 | 12 13
21097 | r | 18 19 | 1 2 3 4 5 6 7 8 9 10 11 12 13 14 15 16 17 20 21 22 23 | 24 25 26
21100 | r | 6 7 8 | 1 2 3 4 5 | 9 10
21198 | r | 24 25 26 27 | 1 2 3 4 5 6 7 8 9 10 11 12 13 14 15 17 18 19 20 21 23 | 28 29
2123 | r | 18 19 | 21 | 20
21293 | r | 1 3 4 5 6 | 7 8 9 10 11 12 13 14 15 | 16 17
21326 | r | 10 11 12 13 14 | 9 15 16 19 | 17 18
21395 | r | 14 15 16 | 1 2 3 5 7 8 9 10 11 12 13 | 17
214 | r | 7 8 | 4 5 6 9 10 12 | 11
21443 | r | 4 5 6 7 | 8 9 10 11 | 12
2152 | r | 9 10 11 12 | 18 | 15 16 17
21691 | r | 23 | 1 2 3 5 6 7 8 9 10 11 12 13 14 15 16 17 18 19 20 22 | 24
2170 | r | 4 | 1 2 3 5 6 9 10 11 12 14 15 16 17 18 | 7
21747 | r | 12 | 11 13 14 15 16 17 18 19 20 21 22 23 24 26 | 25
21785 | r | 18 | 19 20 21 22 23 25 26 | 24
21961 | r | 6 7 8 9 10 11 12 13 14 15 | 1 2 3 4 5 16 17 18 19 | 20 21 22 23
22039 | r | 5 6 | 12 | 10 11
22041 | r | 5 6 | 1 2 3 4 7 | 8 9 10 11
22057 | r | 11 12 | 10 14 | 13
22077 | r | 13 14 | 1 2 3 4 5 6 7 8 9 10 11 12 | 15 16 17 18 19
22113 | r | 1 | 2 3 4 5 6 7 8 10 11 12 13 14 15 17 18 19 20 21 22 24 | 25
22155 | r | 27 28 29 30 31 | 16 17 18 19 20 21 22 23 24 26 | 32 33
22175 | r | 8 9 | 1 2 3 4 5 6 7 10 | 11 12
22184 | r | 7 8 9 10 | 1 2 4 6 14 15 16 18 19 20 21 22 23 24 25 | 11 12
22205 | r | 14 15 16 17 18 19 20 | 1 2 4 5 7 9 10 11 12 24 25 26 27 | 21 22
22208 | r | 21 22 23 25 26 28 29 30 31 | 1 2 3 4 5 6 7 9 10 11 12 13 14 15 17 18 19 20 36 37 38 39 41 42 43 44 | 33 34
22250 | r | 7 8 9 10 11 12 13 14 16 17 18 19 20 | 1 2 3 | 4 5
22278 | r | 5 | 6 7 8 9 10 11 12 13 14 15 16 17 18 19 20 23 | 21 22
223 | r | 11 12 | 17 | 13 14 15 16
223 | r | 4 5 | 7 | 6
22300 | r | 1 | 2 3 7 8 9 10 11 12 | 4 5
22347 | r | 4 5 | 1 2 3 6 | 7 8
22357 | r | 1 2 | 3 4 5 6 | 7
22359 | r | 1 2 3 | 4 5 6 7 13 14 15 16 17 18 19 20 21 | 8 9 10 11
22394 | r | 10 | 1 2 3 4 6 7 8 11 12 | 13 14
22451 | r | 1 | 2 3 | 4
22473 | r | 2 3 4 5 6 7 8 9 | 12 13 14 | 15 16
22482 | r | 15 | 16 17 18 19 20 22 | 21
2249 | r | 19 | 18 20 21 22 23 24 25 | 26
22600 | r | 1 | 2 | 3
22630 | r | 23 | 32 33 34 36 37 24 25 26 27 28 29 30 31 | 35
22675 | r | 17 18 | 22 | 21
22768 | r | 3 4 5 6 7 | 1 2 8 9 10 11 13 14 15 16 17 18 20 21 22 | 23 24
22775 | r | 7 | 6 8 9 10 11 12 13 | 14 15
22782 | r | 1 2 3 4 5 | 6 7 8 9 10 11 12 13 14 15 16 17 18 19 20 21 22 23 24 25 | 26 27
22816 | r | 1 2 | 3 4 5 6 7 8 9 10 11 12 13 14 | 15 16 17
22958 | r | 6 7 8 | 2 3 4 5 11 | 9 10
22959 | r | 20 21 22 23 | 19 24 25 26 28 | 27
23035 | r | 8 | 7 9 10 11 12 13 14 15 18 20 21 22 23 24 25 28 29 30 32 33 34 35 36 37 38 39 40 41 42 | 16 17
23069 | r | 13 14 | 11 12 16 17 | 15
23091 | r | 20 | 21 22 23 25 26 | 24
23094 | r | 38 | 36 37 39 40 | 41
23105 | r | 1 | 2 3 4 | 5
23250 | r | 1 | 2 3 4 5 6 7 8 9 | 10 11
23257 | r | 1 2 3 4 5 6 7 8 9 | 11 12 | 13 14
23368 | r | 1 2 3 4 | 5 9 10 11 12 13 14 15 16 17 18 | 6 7
23398 | r | 5 | 7 | 6
23431 | r | 1 2 3 4 5 | 6 7 8 9 10 11 12 | 13 14
23636 | r | 1 2 | 14 15 16 18 | 20 21
23639 | r | 4 | 5 7 | 6
23680 | r | 27 28 29 | 20 21 22 23 24 25 26 31 | 30
23761 | r | 7 | 6 8 9 10 11 12 15 16 17 18 | 13
23914 | r | 12 13 | 7 8 9 10 11 14 15 16 17 18 19 22 | 20 21
24 | r | 36 37 | 38 41 | 39 40
24031 | r | 14 | 15 16 17 20 22 23 24 25 26 27 29 30 | 18 19
24068 | r | 5 | 17 | 16
24085 | r | 1 2 3 4 5 6 | 7 | 8 9 10 11 12
24148 | r | 16 | 15 17 18 19 20 21 23 | 22
24159 | r | 5 6 7 | 1 2 3 4 8 | 9 10
24204 | r | 1 2 | 3 4 5 6 7 8 9 | 10
24210 | r | 1 2 3 4 5 | 17 | 15 16
24241 | r | 4 | 6 | 5
24244 | r | 1 2 3 4 5 6 7 8 10 11 13 14 15 16 17 18 19 21 22 23 24 25 26 27 28 29 30 31 32 33 | 42 | 40 41
24250 | r | 1 | 2 3 | 4
24283 | r | 24 25 | 32 34 35 36 37 38 39 40 42 23 26 27 28 29 30 31 | 41
24320 | r | 12 13 | 11 14 15 16 19 21 22 23 24 25 26 27 28 30 32 33 34 35 37 | 17 18
2440 | r | 7 8 9 10 11 12 13 14 15 16 17 | 1 2 3 | 4 5
24424 | r | 35 | 2 3 4 5 6 7 9 10 11 12 14 15 16 17 18 19 22 23 25 26 27 28 29 30 31 32 33 36 37 38 39 | 40
24455 | r | 11 12 13 14 15 16 17 18 19 | 1 2 3 4 5 6 7 | 8 9
24523 | r | 3 4 | 1 2 5 6 7 8 9 11 12 13 14 15 16 17 18 19 20 22 23 24 25 26 | 27
24558 | r | 1 2 | 4 5 6 7 8 10 11 12 13 | 14
24572 | r | 3 | 1 2 4 5 6 | 7 8
24585 | r | 3 4 5 6 | 1 2 7 8 9 10 11 14 | 12 13
24599 | r | 5 | 1 2 3 4 6 7 8 9 10 11 | 12 13
24652 | r | 1 2 3 4 | 5 6 7 8 9 10 11 12 14 16 17 18 19 | 13
24666 | r | 5 6 | 2 3 4 7 9 | 8
24683 | r | 12 13 14 15 16 17 18 19 20 21 22 23 | 1 2 3 4 5 6 7 8 | 9 10
24689 | r | 12 13 15 | 17 18 19 20 21 22 23 25 26 | 24
2472 | r | 14 15 16 17 18 | 5 6 7 8 9 12 | 10 11
24764 | r | 7 | 1 2 3 4 5 6 8 | 9
2478 | r | 9 | 10 11 | 13 14
2479 | r | 10 11 12 | 4 5 6 7 8 9 15 | 13 14
24799 | r | 7 8 9 10 11 12 13 14 15 16 17 | 1 2 3 | 4 5
24807 | r | 1 | 2 3 4 5 | 6
24911 | r | 1 2 3 4 | 5 7 | 9
24914 | r | 3 | 1 2 4 5 6 | 7
24926 | r | 3 | 1 2 4 5 6 8 10 11 12 13 14 15 16 17 18 19 20 21 22 23 24 | 7
24927 | r | 8 9 | 1 2 3 4 5 6 7 10 11 12 13 14 17 18 19 20 21 22 | 15
24962 | r | 6 7 | 1 2 3 4 5 8 | 9 10
2500 | r | 10 | 9 12 | 11
25005 | r | 9 10 11 | 1 2 3 4 5 6 8 | 12 13
25022 | r | 4 5 6 7 9 10 11 12 13 14 15 | 1 2 3 17 | 18 19
25023 | r | 9 | 10 11 12 13 14 15 16 17 18 20 | 19
25063 | r | 21 | 19 20 24 | 22 23
25075 | r | 27 | 22 23 24 25 26 28 29 31 | 30
25200 | r | 8 9 10 11 12 13 14 15 | 1 2 3 4 5 6 7 16 17 18 19 20 | 21 22 23 24 25
25210 | r | 5 6 7 8 10 11 13 14 16 17 18 19 20 21 22 23 | 4 25 26 27 28 29 30 32 | 31
25285 | r | 1 2 | 3 4 5 6 7 8 10 | 9
25331 | r | 15 16 17 18 19 20 21 22 24 25 26 27 28 29 30 31 32 33 | 11 13 | 12
25343 | r | 1 2 3 4 6 7 8 | 10 11 12 13 14 | 15
25361 | r | 3 4 5 | 1 2 9 10 11 12 13 14 15 16 | 6 7
25368 | r | 11 12 13 14 | 10 17 | 15 16
25399 | r | 11 | 12 13 14 15 16 17 18 19 20 21 22 25 26 | 23 24
25503 | r | 3 4 5 | 1 2 6 7 8 10 12 13 | 14
25559 | r | 9 | 1 2 3 4 5 6 7 8 10 11 12 13 14 15 | 16 17
25567 | r | 1 2 3 | 4 5 6 | 7 8
25629 | r | 1 | 2 | 3 4
25669 | r | 1 | 2 3 4 5 6 7 8 | 9
25838 | r | 16 17 | 14 15 21 22 23 24 25 26 27 28 29 30 31 | 18 19
2587 | r | 5 | 10 | 9
26068 | r | 3 4 5 6 7 | 1 2 8 9 10 11 14 15 16 17 18 19 20 21 22 | 12
26095 | r | 22 | 1 2 3 4 5 6 7 8 9 10 11 12 13 14 15 16 17 18 19 21 23 24 25 26 27 28 29 30 31 32 33 34 | 35
26116 | r | 9 | 10 11 12 13 14 15 17 | 16
26140 | r | 18 | 19 20 21 22 23 26 | 24 25
26164 | r | 8 | 1 2 3 4 5 6 7 9 10 11 12 13 14 15 16 17 18 19 20 21 22 23 24 | 25
26192 | r | 20 | 24 21 | 22 23
26204 | r | 9 11 | 1 2 3 4 5 6 7 8 13 14 15 16 19 20 21 22 23 25 26 27 | 17
26204 | r | 37 38 | 32 33 34 35 36 30 31 | 39
26257 | r | 2 3 4 5 6 | 1 7 8 9 10 13 14 15 16 17 18 19 20 21 22 23 25 26 27 28 29 30 31 | 11
26261 | r | 6 | 8 7 | 9 10
26262 | r | 8 9 10 11 12 13 14 15 17 18 19 20 22 23 24 25 26 27 28 29 30 31 32 | 1 3 4 5 6 | 2
26276 | r | 9 | 10 11 12 13 14 15 16 17 18 19 21 22 | 20
26309 | r | 6 | 5 7 8 9 12 14 15 16 17 18 19 20 21 | 10 11
26313 | r | 14 | 34 26 28 29 30 | 32 33
26371 | r | 17 18 19 | 1 2 3 4 5 6 7 8 9 10 12 13 14 15 16 20 | 21 22
26419 | r | 5 6 7 8 9 10 11 12 | 1 2 3 4 | 13
2644 | r | 1 | 2 3 4 8 9 10 11 13 14 15 16 | 5
26449 | r | 6 | 7 8 9 10 11 12 13 14 17 | 15 16
26473 | r | 16 | 17 18 19 20 21 24 26 27 28 30 31 32 33 34 35 36 37 38 39 41 42 44 | 22 23
26492 | r | 8 | 9 10 13 | 11 12
26495 | r | 14 | 16 15 | 17 18
2652 | r | 11 | 10 12 13 14 15 18 | 16 17
26541 | r | 4 | 1 2 3 5 6 7 11 12 13 14 | 8 9
26555 | r | 19 | 18 27 | 20 21 22 23 24 25 26
26565 | r | 1 | 2 3 4 5 6 7 8 11 12 13 14 15 16 17 18 19 20 21 22 23 | 9
26617 | r | 4 | 1 2 3 5 6 | 7
2666 | r | 1 2 3 4 5 6 7 | 8 9 | 10 11
26679 | r | 3 | 1 2 4 6 8 9 10 11 12 13 14 15 16 17 18 19 | 20
26716 | r | 1 2 | 3 4 5 | 6 7
26719 | r | 4 | 5 | 6 7
26788 | r | 46 | 47 48 49 50 51 52 55 | 53 54
26792 | r | 4 5 | 1 2 3 6 7 8 9 10 11 12 13 14 15 17 18 | 19
26793 | r | 5 | 1 2 3 4 7 9 11 12 13 17 18 19 | 14
26795 | r | 11 12 | 13 14 15 16 17 18 19 20 21 22 25 | 23 24
26796 | r | 8 | 9 10 13 | 11 12
26801 | r | 18 | 25 21 22 | 23 24
26930 | r | 10 11 | 7 8 9 15 16 17 18 | 12 13
270 | r | 3 4 5 | 6 7 8 9 10 11 12 14 15 | 13
27021 | r | 9 10 11 12 13 14 15 16 | 17 18 | 19 20
27036 | r | 3 | 1 2 4 5 6 | 7
27038 | r | 8 9 10 | 1 2 3 4 5 6 7 | 11 12
27163 | r | 3 4 | 1 2 5 9 10 11 12 13 14 15 16 | 6 7
2722 | r | 19 20 | 2 3 4 5 6 7 8 10 11 12 13 14 15 16 17 21 22 | 23
27238 | r | 5 | 1 2 3 4 6 7 8 9 10 11 12 13 14 | 15
27239 | r | 3 4 | 1 2 7 8 10 11 12 13 14 15 | 5
27336 | r | 10 | 11 12 13 14 16 17 | 15
27373 | r | 1 3 4 5 6 7 8 | 10 11 12 13 14 15 16 17 18 19 20 21 22 | 23 24
274 | r | 21 | 22 23 24 25 26 28 | 27
27498 | r | 11 | 9 10 12 13 14 15 16 17 18 19 20 21 22 23 24 25 27 | 26
27545 | r | 5 6 7 | 1 2 3 4 | 8 9 10
27546 | r | 7 8 | 1 2 3 4 5 6 9 10 11 12 13 14 | 15 16
27596 | r | 5 6 | 1 2 3 4 7 8 9 10 11 12 13 14 15 18 | 16 17
27631 | r | 17 18 | 15 16 19 20 21 24 | 22 23
27642 | r | 1 2 3 | 4 5 | 6 7
27644 | r | 13 14 15 | 11 12 | 16 17
27645 | r | 10 11 12 13 | 1 2 3 4 5 6 7 9 14 15 16 17 18 | 19
27672 | r | 4 5 | 1 2 3 6 7 | 8
2768 | r | 14 15 16 | 11 12 13 18 | 17
277 | r | 17 18 19 | 1 2 3 4 5 6 7 8 9 10 11 12 14 15 16 | 20 21
27729 | r | 6 8 9 10 11 14 15 16 17 18 19 21 22 23 24 25 26 27 | 1 2 3 4 5 | 28 29
27730 | r | 7 | 8 9 10 11 12 13 14 15 16 17 20 | 18 19
27739 | r | 14 15 16 17 18 | 1 2 3 5 6 7 8 9 11 12 13 19 | 20
27740 | r | 1 2 3 | 4 5 6 7 8 9 10 11 12 | 13
27765 | r | 17 | 8 9 10 11 12 13 14 15 16 19 21 22 23 25 26 28 29 31 32 33 34 35 36 37 38 | 18
27798 | r | 3 4 | 1 2 5 8 9 10 11 13 14 15 16 17 18 20 21 22 23 | 6
27882 | r | 25 26 28 29 30 31 32 33 34 35 36 37 38 39 | 41 42 44 22 23 24 | 43
27891 | r | 3 | 14 | 13
279 | r | 5 6 | 1 2 3 4 7 8 9 13 14 15 16 17 18 19 20 21 22 23 24 25 26 27 28 29 30 31 32 33 34 | 10 11
27917 | r | 4 5 | 1 2 3 8 9 10 11 13 14 15 16 17 18 19 20 21 22 23 24 25 26 27 28 29 30 31 32 33 34 | 6
27934 | r | 8 | 4 5 6 7 9 10 11 13 | 12
27961 | r | 1 | 2 | 3
28063 | r | 14 15 | 8 9 10 11 12 16 17 19 | 18
28104 | r | 7 8 9 10 | 4 5 6 | 11 12 13
28105 | r | 6 7 8 9 10 11 12 13 14 | 1 2 3 4 5 15 16 17 | 18
28156 | r | 11 12 | 19 | 18
28191 | r | 2 3 5 6 7 | 8 9 10 11 12 13 14 | 15 16 17
28316 | r | 12 | 16 13 14 | 15
28349 | r | 1 2 | 3 4 5 6 7 8 9 10 11 | 12
28393 | r | 3 4 5 6 7 | 1 2 8 9 10 | 11 12
28469 | r | 5 6 7 | 1 2 3 4 8 10 11 12 | 13
28647 | r | 5 6 7 8 9 10 | 1 2 3 4 14 15 16 17 18 19 20 21 22 23 24 25 26 27 | 11 12
28844 | r | 1 2 3 4 5 6 7 8 9 10 11 12 | 14 15 16 17 18 19 20 | 21 22
28874 | r | 30 | 1 2 3 4 5 6 7 8 9 10 11 12 14 16 17 19 21 22 23 24 25 26 28 29 31 32 33 34 35 36 37 38 | 39 40
28895 | r | 4 | 1 2 3 8 9 10 11 12 14 16 17 18 19 20 21 22 24 25 27 28 29 30 | 5 6
28903 | r | 13 14 | 1 2 3 4 5 6 7 8 9 10 11 12 15 | 16 17
28909 | r | 3 4 | 1 2 5 6 | 7
28915 | r | 1 2 3 | 4 5 6 | 7
28916 | r | 1 | 2 9 10 11 12 13 14 15 16 17 | 3 4 5 6 7
29045 | r | 1 2 3 | 4 5 6 7 8 9 | 10 11
29069 | r | 1 2 3 4 | 6 7 8 9 11 12 13 14 15 16 | 17 18
29121 | r | 4 5 | 6 8 9 | 7
29152 | r | 8 | 9 10 11 12 13 14 16 | 15
29192 | r | 16 | 2 3 5 6 7 8 9 10 11 12 14 15 17 19 | 18
29211 | r | 5 | 1 2 3 4 6 7 9 | 8
29215 | r | 16 17 | 1 2 3 4 5 6 7 8 10 12 14 | 18
29331 | r | 15 16 | 14 17 18 19 20 21 23 | 22
29427 | r | 16 | 17 20 | 18 19
29433 | r | 24 | 25 28 | 26 27
29434 | r | 2 3 4 5 6 8 9 12 13 14 16 17 18 19 20 21 23 24 25 26 27 | 1 29 30 31 32 33 34 | 35 36
29460 | r | 30 31 32 33 34 35 | 36 37 39 28 29 | 38
29493 | r | 6 7 | 18 | 17
29494 | r | 13 14 | 12 15 16 17 19 21 22 24 25 27 28 | 26
29530 | r | 7 8 9 10 11 12 13 14 15 16 17 18 19 20 | 1 2 3 | 4 5
29555 | r | 1 2 | 3 4 5 6 7 8 9 | 10 11
29607 | r | 18 19 | 1 2 3 4 5 6 7 9 11 12 13 14 15 16 17 20 21 | 22 23
29613 | r | 6 7 | 1 2 3 4 5 8 9 13 14 15 16 17 18 19 20 21 22 23 24 | 10 11
29634 | r | 5 | 1 2 3 4 6 7 10 | 8
29646 | r | 13 14 | 1 2 3 4 5 6 7 8 9 10 11 12 15 | 16 17
29693 | r | 6 | 1 2 3 4 5 7 8 9 10 11 12 13 14 15 16 | 17
29728 | r | 3 4 5 6 | 16 | 7 8 9 10 11 12 13 14 15
29731 | r | 14 15 | 1 2 3 4 6 7 8 9 10 11 12 13 16 17 18 19 20 21 22 24 26 27 28 | 29 30
29743 | r | 1 | 2 5 6 7 9 10 11 12 13 14 15 16 17 18 19 20 21 22 24 25 26 27 28 29 30 32 33 34 35 36 37 38 39 40 41 | 3
29760 | r | 1 2 3 4 5 6 7 | 8 9 10 11 12 13 | 14 15 16 17 18 19 20 21
29769 | r | 1 2 | 3 6 7 8 9 10 11 13 14 16 17 19 20 21 22 23 24 | 4
2978 | r | 18 | 1 2 3 4 5 6 7 8 9 10 11 12 13 14 15 17 19 20 | 21 22
29793 | r | 3 | 1 2 4 5 6 7 8 9 10 11 12 13 14 | 15
29803 | r | 9 10 | 1 2 3 4 5 6 7 8 11 12 13 14 15 16 17 | 18
29838 | r | 1 2 3 5 6 7 8 10 11 12 13 14 15 16 18 19 20 21 22 23 |  | 7 8
2986 | r | 1 2 3 4 5 6 7 8 9 10 11 12 13 14 | 16 17 18 19 21 26 27 28 29 30 31 32 33 34 35 36 | 23 24
29958 | r | 1 2 3 4 5 6 | 7 8 9 10 11 12 13 14 15 16 17 18 19 | 20 21
29972 | r | 16 17 | 1 3 4 5 6 7 8 9 10 11 12 13 15 18 19 20 | 21
30006 | r | 4 5 | 1 2 3 6 7 8 9 13 14 15 16 17 | 10 11
30101 | r | 1 | 2 3 4 5 6 7 8 9 13 14 15 16 17 18 19 20 21 22 23 | 10 11
3030 | r | 3 4 5 6 7 | 1 2 8 9 10 11 | 12
30435 | r | 1 2 3 4 5 6 | 7 8 9 10 11 12 13 14 15 16 17 18 | 19 20
30436 | r | 12 13 14 | 1 2 3 4 5 6 7 8 10 11 15 16 17 18 19 20 21 22 | 23 24
30502 | r | 7 | 11 | 10
30584 | r | 11 | 10 14 | 12 13
30588 | r | 10 | 9 11 12 13 14 15 16 19 | 17 18
30591 | r | 38 | 40 37 39 | 42
30593 | r | 22 | 25 23 | 24
30625 | r | 1 2 3 4 5 6 7 8 | 9 10 | 11 12
30665 | r | 6 7 | 1 2 3 4 5 | 8
30666 | r | 4 5 6 | 1 2 3 7 | 8
30683 | r | 1 2 3 4 | 6 7 8 9 10 11 12 13 14 15 16 | 17
3070 | r | 1 2 3 4 5 6 7 8 9 | 10 | 11
3072 | r | 2 3 | 1 4 5 6 7 8 9 10 11 12 13 14 15 | 16 17
30770 | r | 16 | 14 15 19 | 17 18
30816 | r | 1 2 3 4 5 6 7 8 9 10 11 12 | 13 | 14 15
30831 | r | 5 6 | 3 4 | 1 2
30907 | r | 12 13 14 | 1 2 3 4 5 6 7 8 9 10 11 | 15 16
30959 | r | 2 | 7 8 9 10 | 11 12
30964 | r | 6 7 | 9 | 8
31003 | r | 1 2 | 3 4 5 6 7 8 9 10 11 12 | 13 14
31007 | r | 9 10 | 1 2 3 4 5 6 7 8 11 12 13 14 | 15
31112 | r | 1 2 | 3 4 5 | 6 7
31218 | r | 1 2 3 | 4 5 6 8 9 10 11 12 | 14
31219 | r | 1 | 2 4 5 7 8 9 10 | 11 12
31266 | r | 3 | 14 | 13
3138 | r | 6 7 8 | 1 2 3 4 5 | 9 10
31385 | r | 1 2 3 | 4 5 6 | 7 8
31458 | r | 5 6 7 | 1 2 3 4 9 11 12 13 14 15 16 17 18 | 8
31491 | r | 1 2 3 4 6 7 8 9 | 11 12 20 21 22 23 24 25 26 27 28 29 30 | 13 14 15 16 17 18
31527 | r | 10 11 12 13 14 16 18 19 20 23 24 25 27 28 | 7 8 9 29 30 31 34 | 32 33
31546 | r | 14 16 17 18 19 20 21 | 10 11 12 13 | 22 23
31599 | r | 1 | 2 3 4 5 | 6 7 8 9
31614 | r | 1 2 3 4 | 5 6 7 8 9 10 11 12 | 13 14
31623 | r | 6 7 | 1 2 3 4 5 8 | 9 10
31630 | r | 1 2 3 | 4 5 7 8 | 10 11
31634 | r | 14 15 | 1 2 3 5 6 7 8 9 10 11 12 13 16 | 17 18 19 20
31693 | r | 1 2 3 4 5 6 | 7 8 9 10 11 12 | 13 14
31763 | r | 16 | 11 12 13 14 15 17 18 19 22 | 20 21
31776 | r | 5 | 1 2 3 4 6 7 8 9 10 11 12 13 14 15 | 16
31820 | r | 7 8 | 1 2 3 4 5 6 11 | 9 10
31834 | r | 11 | 9 10 12 13 15 | 14
31877 | r | 1 2 3 4 5 | 6 7 8 9 | 10 11
31881 | r | 16 | 15 17 18 19 | 20
31885 | r | 2 | 12 | 8 9 10 11
31900 | r | 1 2 | 3 4 5 6 7 8 11 12 13 14 15 16 17 | 9 10
31907 | r | 18 19 20 | 17 21 22 23 | 24
31909 | r | 35 | 34 36 37 38 39 40 41 42 43 44 45 46 47 48 50 | 49
31919 | r | 2 3 4 6 7 8 10 11 13 14 15 16 17 18 | 20 21 22 23 24 25 26 27 28 29 31 | 30
31925 | r | 12 13 | 11 14 15 16 17 19 | 18
3194 | r | 5 | 13 | 12
31960 | r | 1 2 3 4 5 | 6 7 8 9 10 | 11 12
3201 | r | 8 | 9 10 11 12 13 14 15 18 | 16 17
32027 | r | 15 | 8 9 10 11 12 13 14 16 17 18 21 22 23 24 25 26 27 28 | 19
32027 | r | 22 23 24 25 | 21 28 | 26 27
32047 | r | 4 5 | 1 2 3 | 6
32056 | r | 8 9 10 | 1 2 3 4 5 6 11 12 13 14 16 17 18 19 20 21 22 24 | 25
32060 | r | 8 9 10 | 6 7 11 14 16 17 18 19 20 22 23 24 25 27 28 29 | 12 13
32072 | r | 6 7 | 1 2 3 4 5 | 8
32092 | r | 8 | 1 2 3 4 5 7 9 10 11 12 13 14 | 15
32105 | r | 3 | 2 4 5 6 7 8 9 10 11 12 14 15 16 18 19 21 22 23 24 25 26 | 1
32124 | r | 12 13 | 1 2 3 4 6 7 8 9 11 | 14 15
32126 | r | 5 | 1 2 3 4 6 7 8 9 | 10
32143 | r | 12 | 13 14 15 16 18 20 21 22 25 | 23 24
32144 | r | 11 12 13 14 15 16 18 20 21 | 1 2 3 4 5 6 7 | 8 9
32145 | r | 3 4 5 6 7 8 | 2 9 10 11 12 15 16 17 18 19 21 23 25 26 27 | 13 14
32146 | r | 3 4 5 6 | 11 | 9 10
32164 | r | 13 | 12 14 15 16 17 18 19 20 21 | 22
32215 | r | 8 9 10 | 7 11 12 13 14 15 16 17 20 | 18 19
32250 | r | 3 | 1 2 4 5 6 7 8 9 10 11 12 | 13
32251 | r | 1 2 3 4 5 6 7 8 | 14 | 13
32362 | r | 8 | 6 7 9 12 13 15 17 18 19 20 21 22 23 24 25 27 | 10
32363 | r | 11 | 9 10 12 13 14 15 16 17 18 19 20 21 22 24 | 23
32385 | r | 12 13 | 1 2 3 4 5 6 7 8 9 10 11 14 15 16 17 18 19 20 21 23 24 25 | 27 28
32402 | r | 11 | 8 9 10 12 13 14 15 16 17 18 | 19
32427 | r | 9 | 1 2 3 4 5 6 7 8 11 | 10
32428 | r | 5 | 1 2 3 4 6 7 | 8
32471 | r | 7 8 | 1 2 3 4 5 6 10 | 9
32513 | r | 3 4 5 6 | 1 2 7 9 10 11 12 13 14 15 16 17 18 19 20 21 23 24 25 26 27 28 30 31 32 | 33
32515 | r | 28 | 32 33 34 35 38 39 40 41 42 43 44 45 29 30 31 | 36
32571 | r | 12 | 11 13 14 15 16 17 18 | 19 20
32605 | r | 4 | 1 2 3 5 6 7 8 9 10 12 | 11
3270 | r | 1 2 3 4 5 6 7 8 9 10 | 11 12 13 14 15 16 17 20 21 22 23 24 25 26 27 28 29 30 | 18
32754 | r | 51 52 | 49 50 55 | 53 54
32770 | r | 1 2 | 3 4 5 6 7 | 8
32801 | r | 1 | 2 | 3 4
3281 | r | 1 2 3 4 5 6 7 | 8 9 | 10 11 12
32821 | r | 2 3 4 5 6 | 16 12 13 | 14 15
32837 | r | 9 10 11 12 13 14 15 | 8 16 17 18 19 20 21 23 24 25 28 | 26 27
32845 | r | 10 | 11 12 13 14 15 16 17 18 21 | 19 20
32862 | r | 13 | 14 15 16 17 18 19 20 21 23 | 22
32865 | r | 2 3 | 4 7 8 9 10 11 14 15 16 17 18 19 20 22 23 24 29 30 31 32 | 25 26 27
32894 | r | 28 29 30 31 | 32 33 35 | 34
32950 | r | 15 16 17 18 | 14 19 20 21 22 23 24 25 27 | 26
33015 | r | 8 9 | 10 12 13 15 | 16
33026 | r | 11 | 12 17 18 19 20 21 22 23 | 13 14
33053 | r | 16 17 18 19 20 21 22 | 11 12 13 14 26 | 24 25
3306 | r | 7 8 | 1 2 3 4 5 6 | 9 10
33090 | r | 13 14 15 | 1 2 3 4 5 6 7 8 9 10 12 | 16 17
33113 | r | 9 | 8 10 11 12 13 14 | 15
3318 | r | 5 7 8 | 1 2 3 4 10 12 14 15 17 19 20 21 22 23 24 25 27 28 29 30 31 | 16
33195 | r | 8 9 | 10 7 | 11
33196 | r | 7 8 9 10 11 12 13 14 15 16 | 1 2 3 | 4 5
3320 | r | 1 2 | 3 4 5 6 7 8 9 10 | 11 12 13
3334 | r | 37 38 | 34 35 36 39 40 41 42 45 | 43 44
33345 | r | 1 | 2 | 3 4
3347 | r | 5 | 1 2 3 4 6 7 8 9 10 11 12 | 13 14 15 16 17 18 19
33509 | r | 9 10 11 | 1 2 3 4 5 7 8 | 12 13
33514 | r | 5 6 7 8 9 10 | 3 4 | 1 2
33530 | r | 3 4 | 1 2 5 6 7 8 | 9
33535 | r | 10 11 12 | 1 2 3 4 5 6 7 8 9 13 14 16 17 19 20 21 22 | 23
33544 | r | 1 2 | 3 4 5 6 7 8 | 9
3355 | r | 8 | 1 2 3 4 5 6 7 9 10 11 12 13 14 15 16 17 18 19 | 20
33560 | r | 5 6 7 | 1 2 3 4 8 9 10 11 12 13 14 15 | 16
33584 | r | 1 2 3 4 5 | 6 7 8 9 | 10 11
336 | r | 1 | 2 3 4 5 7 8 | 9
33615 | r | 1 2 3 | 4 5 6 | 7
3367 | r | 1 2 3 4 5 6 | 7 8 | 9 10
33677 | r | 6 7 | 1 2 3 4 5 8 9 | 10 11
33708 | r | 6 | 5 7 8 9 10 11 13 14 16 17 18 19 20 21 22 | 12
33782 | r | 1 2 | 3 4 5 6 7 8 9 10 11 | 12
33819 | r | 14 15 16 17 18 19 20 21 22 23 | 1 2 3 4 5 6 7 8 9 12 | 10 11
33850 | r | 10 11 | 9 12 13 14 | 15
33861 | r | 4 | 1 2 3 5 6 7 | 8
33888 | r | 12 | 18 | 13 14 15 16 17
33891 | r | 7 8 | 9 10 11 12 13 14 | 15 16
33892 | r | 4 5 6 7 | 8 9 10 | 11 12
33895 | r | 13 14 | 1 2 4 5 6 8 9 10 11 12 | 15
33914 | r | 22 23 | 1 2 3 5 6 8 9 10 11 12 13 15 16 17 18 20 21 | 24
33932 | r | 21 | 1 2 3 4 5 6 7 8 9 10 11 12 13 14 15 16 17 18 19 20 | 22 23
33999 | r | 1 2 3 4 | 5 6 7 | 8 9
34078 | r | 1 2 3 | 4 5 6 7 10 11 12 13 14 | 8 9
34089 | r | 4 5 6 | 1 2 3 | 7 8
34096 | r | 16 17 | 18 19 20 21 22 23 25 26 | 24
3410 | r | 4 5 | 1 2 3 9 10 11 12 13 14 | 6 7
34122 | r | 1 2 3 | 4 5 6 7 8 9 | 10 11 12 13 14
34131 | r | 17 19 20 21 22 | 16 25 | 24
34171 | r | 6 7 | 1 2 3 5 10 | 8
34202 | r | 6 | 5 7 8 9 10 11 13 14 16 17 18 19 | 12
34285 | r | 13 14 15 | 1 2 3 4 6 7 8 10 11 12 16 17 18 19 20 21 22 25 26 27 28 29 30 31 32 33 34 35 | 23
34307 | r | 5 | 1 2 3 4 6 7 11 12 13 14 15 16 | 8 9
34378 | r | 10 | 22 | 21
34385 | r | 1 2 3 4 5 6 7 8 9 10 11 | 12 15 16 17 18 19 20 21 22 23 24 | 13
34499 | r | 9 | 12 | 11
34669 | r | 18 19 20 21 | 13 14 15 16 17 22 23 26 | 24 25
34709 | r | 15 16 17 | 13 14 18 19 | 20 21
34711 | r | 5 6 | 1 2 3 4 7 8 9 10 11 | 12
34729 | r | 9 10 | 1 2 3 4 5 6 7 8 11 12 14 | 13
34748 | r | 11 12 | 13 14 15 | 16 17 18 19 20
34749 | r | 32 | 34 31 | 33
3476 | r | 36 | 1 2 3 4 5 6 7 8 9 10 11 12 13 14 15 16 17 19 20 21 22 23 24 25 26 27 28 29 30 32 33 34 35 39 40 41 42 43 44 | 37
34764 | r | 62 63 64 65 | 38 39 40 41 42 43 45 47 49 51 52 53 54 55 56 57 58 59 60 61 66 67 68 | 69 70
34778 | r | 1 2 3 4 | 5 6 7 8 12 13 14 15 16 17 18 19 20 21 | 9 10
3482 | r | 22 | 1 2 3 4 5 6 8 9 10 11 12 13 15 16 17 18 19 20 21 23 | 24 25
34870 | r | 24 | 32 35 25 26 27 28 29 30 31 | 33 34
34940 | r | 5 | 1 2 4 6 10 11 12 13 14 15 16 17 18 | 7 8
34945 | r | 6 7 | 8 9 10 11 14 | 12 13
3498 | r | 9 10 | 1 2 3 4 5 6 7 8 11 12 13 14 15 | 16
34982 | r | 8 | 1 2 3 4 5 6 7 9 10 11 12 | 13 14
35003 | r | 21 | 23 | 22
35012 | r | 10 11 | 7 8 9 13 | 12
35015 | r | 18 | 32 33 34 35 36 38 19 20 21 22 23 24 25 26 27 28 29 30 31 | 37
35023 | r | 17 18 19 | 1 2 3 4 5 6 7 9 10 11 12 13 14 15 16 20 21 22 23 | 24 25
3511 | r | 19 20 | 17 18 21 22 23 25 | 24
3512 | r | 30 | 41 | 40
3517 | r | 6 7 8 9 10 | 1 2 3 4 5 | 11 12
35171 | r | 17 18 19 20 21 22 23 | 24 25 26 27 | 28 29
35176 | r | 9 10 11 12 | 13 14 15 16 18 | 17
35210 | r | 1 2 3 4 | 5 6 7 8 9 10 | 11 12 13
35224 | r | 20 | 21 22 23 24 27 | 25 26
35260 | r | 10 | 1 2 3 4 5 6 7 9 11 12 13 | 14
35316 | r | 32 33 | 35 | 34
35327 | r | 31 32 | 33 34 37 | 35 36
35337 | r | 18 19 | 20 21 22 25 | 23 24
35363 | r | 18 19 20 21 | 24 | 22 23
35412 | r | 15 | 2 3 6 7 8 9 10 11 12 14 16 17 18 19 20 21 23 | 22
35421 | r | 18 | 14 15 16 17 19 20 24 | 21 22 23
35458 | r | 10 11 13 14 15 16 17 18 19 | 9 21 22 23 25 26 27 28 31 | 30
35461 | r | 21 22 23 24 | 18 19 20 25 26 27 28 29 30 33 34 35 36 38 39 40 41 42 43 44 46 47 48 49 50 51 53 54 55 56 | 31
35522 | r | 3 4 5 6 | 1 2 7 9 10 | 12 13
3560 | r | 1 2 3 4 5 6 7 8 9 10 11 12 13 | 15 16 17 | 18
35604 | r | 19 20 | 28 | 26 27
35619 | r | 22 | 1 2 3 4 5 6 7 8 9 10 11 12 13 14 15 16 17 18 19 20 21 26 27 28 29 30 31 32 33 34 35 36 | 23 24
35645 | r | 1 2 4 5 6 7 8 9 10 11 12 13 14 15 | 17 | 18
35653 | r | 9 | 1 2 3 4 5 6 7 8 10 11 12 13 14 15 | 16
35717 | r | 5 | 1 2 3 4 6 7 8 9 10 11 12 13 14 15 16 17 18 | 19 20
35763 | r | 13 14 | 15 16 17 18 19 20 21 | 22 23
35764 | r | 10 | 16 17 19 | 18
35786 | r | 4 5 6 7 | 3 9 10 11 12 13 14 15 16 17 | 1 2
35828 | r | 1 | 2 | 3 4
3583 | r | 5 6 | 1 2 3 4 7 8 | 9
35832 | r | 1 2 3 4 5 6 | 7 8 | 9 10
35844 | r | 6 7 8 9 10 11 | 1 2 | 3 4
35877 | r | 6 7 8 | 1 2 3 4 5 11 12 13 14 16 18 19 20 | 9
35886 | r | 6 7 | 1 2 3 4 5 8 9 10 11 12 13 14 15 16 17 18 19 20 21 22 23 24 26 28 29 30 31 32 33 34 35 36 37 38 39 41 42 45 46 48 49 50 | 25
3592 | r | 18 19 20 | 21 24 | 22 23
35937 | r | 19 | 20 22 | 21
35980 | r | 7 8 | 6 9 10 11 12 13 14 15 16 17 18 21 23 24 25 26 27 28 | 19 20
35998 | r | 15 16 17 18 | 1 2 3 4 5 7 8 9 10 11 12 14 | 19 20
3600 | r | 15 16 | 8 9 10 11 12 13 14 17 20 | 18 19
36005 | r | 10 11 12 | 1 2 3 4 5 6 7 9 13 14 17 | 15 16
36041 | r | 3 | 1 2 9 11 12 13 14 15 16 17 18 19 20 21 22 23 24 | 4 5 6 7 8
36170 | r | 10 | 17 18 21 | 19 20
36226 | r | 1 2 3 4 5 6 7 8 9 | 11 12 | 13 14
36235 | r | 2 3 4 5 6 7 | 8 9 10 11 | 12 13
36284 | r | 11 12 | 1 2 3 4 5 6 7 8 9 13 14 15 16 | 17
36294 | r | 12 13 | 1 2 3 4 6 7 8 10 11 14 15 16 17 18 19 22 23 25 26 28 | 20
36331 | r | 23 | 1 2 3 4 5 6 7 8 9 10 11 12 13 14 15 16 17 18 20 21 22 24 | 25
36350 | r | 1 2 | 3 4 | 5 6
36358 | r | 10 | 17 18 21 | 19 20
36367 | r | 7 | 24 25 26 27 28 31 | 29 30
36397 | r | 2 3 4 5 | 1 6 7 8 9 10 11 12 13 | 14 15
36445 | r | 10 | 9 11 12 13 14 16 17 18 21 | 20
36459 | r | 6 | 1 2 3 4 5 7 8 12 13 14 15 16 17 | 9 10
3648 | r | 1 | 2 3 4 5 6 | 7
36527 | r | 3 | 1 2 | 4
36649 | r | 7 8 | 1 2 3 4 5 6 9 10 11 12 13 14 16 | 15
36844 | r | 6 | 7 8 11 | 9 10
36863 | r | 9 | 2 3 5 7 8 10 11 12 13 14 15 | 16
36876 | r | 2 3 | 1 4 5 6 7 8 9 10 13 14 15 16 | 11 12
36960 | r | 6 | 7 8 9 10 11 12 13 14 17 | 15 16
37026 | r | 4 5 6 7 | 1 3 8 9 10 | 2
37059 | r | 12 | 1 2 3 4 5 6 7 8 9 11 13 14 15 16 17 18 19 20 21 22 23 24 25 26 27 | 28
37068 | r | 21 22 | 1 2 3 4 6 7 8 9 10 11 12 13 14 15 16 17 18 19 20 | 23
37081 | r | 3 4 5 6 7 | 1 2 8 9 10 | 11 12
37172 | r | 2 3 4 5 | 39 | 38
37207 | r | 18 19 20 | 14 15 16 17 21 22 24 | 23
37208 | r | 12 13 | 1 2 3 4 5 6 7 8 9 10 11 | 14 15
3721 | r | 6 7 8 | 11 | 10
37213 | r | 7 8 | 4 5 6 9 10 11 13 14 15 18 | 17
3731 | r | 5 | 6 7 8 10 11 12 13 16 17 | 15
37364 | r | 1 2 3 4 5 6 7 8 9 10 | 11 | 12 13
37403 | r | 1 2 3 | 4 5 6 | 7 8
37439 | r | 6 | 1 2 3 4 5 7 8 9 | 10
37531 | r | 1 2 3 4 5 6 8 9 10 | 11 12 13 14 15 16 17 19 | 21
37606 | r | 5 | 2 3 4 6 7 | 8
37629 | r | 4 | 1 2 3 5 6 7 8 9 10 11 12 13 14 15 | 16 17
37755 | r | 3 | 1 2 4 | 5
37775 | r | 9 10 | 8 13 | 11 12
37780 | r | 12 14 15 | 17 18 19 20 21 22 | 23 24
37791 | r | 5 6 7 8 9 | 1 2 3 4 10 | 11 12
37801 | r | 17 18 19 | 21 22 | 20
37805 | r | 6 7 8 | 3 4 5 10 | 9
37949 | r | 19 | 8 9 10 11 12 13 14 15 16 17 18 | 20
37985 | r | 4 5 | 10 | 9
3803 | r | 1 2 3 | 4 5 6 7 8 9 | 10 11 12 13 14 15 16 17 18
38042 | r | 3 | 1 2 4 5 6 7 9 10 11 12 13 14 | 15 16
381 | r | 1 2 3 5 6 7 8 9 10 11 12 14 15 16 17 18 19 | 21 22 | 23 24
38227 | r | 11 12 13 14 15 | 1 2 3 4 5 6 7 8 9 10 | 16 17
38301 | r | 4 5 | 3 6 7 8 9 10 11 12 13 | 14
38312 | r | 6 7 8 9 10 11 12 13 14 | 1 2 3 4 5 15 16 17 18 | 19
38375 | r | 6 7 8 9 10 11 12 | 1 2 | 3 4
38419 | r | 1 | 2 3 | 4
38450 | r | 6 | 5 7 8 9 | 10
38486 | r | 17 | 1 2 3 4 5 6 7 8 9 10 11 12 13 14 16 18 19 20 21 22 23 24 25 27 | 29 30
38491 | r | 15 | 1 2 3 4 5 6 7 8 9 10 11 12 14 16 17 18 19 | 20 21
38506 | r | 1 | 2 3 4 5 6 8 | 7
38513 | r | 6 7 | 1 2 3 4 5 8 9 10 11 12 13 14 15 17 | 18
38533 | r | 11 | 1 2 3 4 5 6 7 8 9 10 12 14 15 16 17 18 19 20 24 25 26 27 28 29 30 31 32 33 34 35 36 37 38 | 22
38597 | r | 2 3 4 | 1 5 6 7 8 9 10 11 12 13 14 15 18 | 16 17
38599 | r | 22 | 25 21 | 23 24
3880 | r | 14 15 | 13 16 17 18 19 21 | 20
38825 | r | 6 | 1 2 3 4 5 7 | 8 9
38900 | r | 1 2 | 4 5 6 7 9 10 11 12 13 | 14 15
38925 | r | 13 14 | 32 11 12 17 18 19 20 21 22 23 24 25 27 28 29 30 31 | 15 16
38977 | r | 1 2 | 3 4 5 6 7 8 | 9 10 11
38978 | r | 5 | 3 4 6 12 13 14 15 16 | 7 8 9
38984 | r | 10 | 1 2 3 4 5 6 7 9 11 12 13 | 14
39009 | r | 5 6 7 | 1 2 3 4 8 9 10 11 12 13 14 15 16 17 18 19 20 | 21 22 23
3902 | r | 6 7 | 2 3 4 5 8 | 9 10
39121 | r | 5 | 1 2 3 4 9 10 11 12 13 14 15 16 17 18 19 | 6 7
39153 | r | 3 | 1 2 | 4
3924 | r | 3 | 1 2 4 5 6 7 8 9 10 11 | 12
39286 | r | 3 4 5 | 1 2 6 7 | 8
39369 | r | 13 14 15 16 | 1 2 3 5 6 7 8 9 10 12 17 18 19 | 20
39397 | r | 2 3 | 1 4 5 6 | 7
39434 | r | 3 | 14 | 13
39436 | r | 7 8 9 | 1 2 3 4 5 6 10 12 14 15 16 17 19 20 21 22 23 24 25 26 | 11
39445 | r | 1 2 3 4 5 6 7 8 9 10 | 11 12 13 14 15 16 17 18 | 19 20
39498 | r | 1 2 3 4 | 5 6 7 8 9 10 11 12 13 | 14 15
39551 | r | 21 | 32 33 34 35 37 23 24 25 26 27 28 29 30 | 36
39565 | r | 4 5 | 1 2 3 | 6 7
39597 | r | 1 2 3 4 | 5 6 | 7 8
39614 | r | 11 12 | 1 2 3 4 5 6 7 8 9 10 13 14 15 | 16
39616 | r | 1 2 4 5 6 7 8 9 10 11 12 13 14 15 16 | 18 19 20 22 | 21
39689 | r | 8 9 | 1 2 3 4 5 6 7 10 11 12 13 14 15 16 17 18 20 | 19
39751 | r | 1 2 3 5 6 | 8 9 10 11 | 12
39768 | r | 6 | 1 2 3 4 5 7 8 | 9 10 11
39784 | r | 25 | 33 23 24 26 27 28 29 30 31 | 32
39789 | r | 39 40 41 | 33 34 35 36 37 44 27 28 29 30 31 | 42 43
3980 | r | 17 | 19 20 24 | 22 23
39822 | r | 14 | 15 16 17 18 19 20 21 23 25 26 27 29 30 31 32 33 35 37 38 39 40 41 43 44 45 47 48 49 51 52 | 22
39842 | r | 1 2 | 3 4 5 6 7 8 9 | 10 11
39865 | r | 1 2 3 4 | 6 7 8 9 10 11 12 13 14 | 16
39882 | r | 8 9 10 11 12 | 1 2 3 4 5 6 7 13 14 15 16 17 | 18 19
399 | r | 2 | 1 3 4 7 | 5 6
39928 | r | 6 7 | 1 2 3 4 5 8 9 13 14 16 17 19 20 21 22 23 24 25 26 27 28 29 31 32 33 34 35 37 38 39 40 41 42 43 | 10 11
39950 | r | 1 2 4 5 6 7 8 | 10 11 12 | 13
39952 | r | 7 | 9 | 8
40176 | r | 6 7 | 1 2 3 4 5 8 | 9 10
40178 | r | 1 2 3 4 5 7 8 9 10 11 12 13 14 15 16 | 18 19 20 21 22 23 24 25 26 27 28 31 32 33 34 35 36 | 29 30
40212 | r | 4 5 6 7 9 11 12 | 2 3 13 14 15 16 21 | 17 18 19 20
40239 | r | 2 3 4 5 6 7 8 9 10 | 11 12 13 14 17 | 15 16
40281 | r | 6 | 9 | 8
40332 | r | 1 | 2 3 4 5 | 6
40476 | r | 1 2 4 5 6 7 8 9 10 11 12 | 14 15 16 17 18 19 20 21 22 23 24 25 | 26 27
40534 | r | 4 5 | 1 2 3 6 7 8 | 9
40597 | r | 3 | 1 2 4 5 6 7 8 9 10 11 12 13 | 14
40609 | r | 1 2 3 4 5 6 7 | 8 9 10 11 12 13 14 15 16 17 18 | 19 20
40637 | r | 18 | 1 2 3 4 5 6 7 8 9 10 11 12 13 14 15 16 17 | 19
40693 | r | 15 16 17 | 1 2 3 4 5 6 7 8 9 10 11 12 14 18 | 19 20
40733 | r | 14 | 13 15 16 17 18 19 20 21 22 23 | 24
40773 | r | 22 | 14 15 16 17 18 19 21 23 | 24 25
40849 | r | 1 2 3 | 4 5 6 7 | 8
40904 | r | 5 | 4 7 | 9 10
40933 | r | 3 4 | 1 2 5 6 7 8 9 14 15 16 17 18 20 21 22 23 24 25 | 10 11 12
40957 | r | 16 17 18 19 20 21 | 12 13 14 15 25 | 22 23 24
41036 | r | 11 12 13 | 1 2 3 4 5 6 7 8 9 10 14 15 16 | 17 18
4104 | r | 31 32 33 | 34 35 36 37 38 39 40 41 42 43 45 47 50 30 | 48 49
41063 | r | 3 | 1 2 4 5 6 7 8 9 12 13 14 15 | 10
41077 | r | 5 6 | 10 | 9
4113 | r | 9 10 | 8 11 12 13 14 15 | 16
41244 | r | 4 | 1 2 3 | 5
41263 | r | 7 8 9 | 1 2 3 4 5 6 10 11 12 | 13
41290 | r | 3 4 5 | 1 2 6 7 8 10 | 9
41295 | r | 7 8 | 17 | 9 10 11 12 13 14 15 16
4133 | r | 1 2 | 3 4 5 6 9 11 12 13 14 15 16 17 18 19 20 21 22 | 7 8
41375 | r | 13 | 11 12 14 17 | 15 16
41434 | r | 4 | 9 10 11 12 15 | 13 14
41462 | r | 8 | 19 | 18
41512 | r | 1 2 3 | 5 6 | 7 8 9 10 11
416 | r | 4 | 15 | 14
41625 | r | 3 | 1 2 | 4
41734 | r | 4 5 | 3 6 7 8 9 10 | 11 12
41744 | r | 8 9 | 1 2 3 4 5 6 7 | 10
4187 | r | 9 10 11 12 | 13 14 15 16 17 18 19 20 21 22 23 24 25 26 27 28 | 29 30
41900 | r | 5 6 | 1 2 3 4 | 7
41954 | r | 1 2 | 3 | 4 5
41958 | r | 25 | 1 2 3 4 5 6 7 8 10 11 12 13 14 15 16 17 18 19 20 21 22 24 26 27 28 29 30 32 36 38 39 40 41 42 43 44 45 | 34 35
4196 | r | 3 4 | 1 2 5 6 7 8 9 10 11 12 13 14 15 | 16
42024 | r | 7 8 9 | 10 | 11 12
42214 | r | 4 5 | 15 | 13 14
42217 | r | 12 13 14 15 16 | 17 18 | 19 20
42220 | r | 1 2 3 | 4 | 5 6 7 8
42230 | r | 1 2 3 4 5 6 8 9 10 11 12 13 14 15 16 | 18 19 20 | 21
4224 | r | 24 25 | 32 31 | 26 27 28 29 30
42247 | r | 1 2 3 5 6 7 8 9 10 11 12 13 14 15 16 17 18 19 20 21 22 23 24 25 26 27 28 | 30 31 32 33 34 35 36 37 38 39 42 | 40 41
42248 | r | 18 19 20 | 1 2 3 4 5 6 7 8 10 11 12 13 14 15 17 21 22 | 23 24
42337 | r | 1 2 | 3 4 5 6 7 8 9 10 11 12 13 14 15 17 18 19 20 | 22
42364 | r | 8 9 | 1 2 3 4 5 6 7 10 11 12 | 13
42377 | r | 11 12 | 1 2 3 4 5 6 7 8 9 10 | 13 14
42378 | r | 4 5 6 7 8 | 1 2 3 | 9 10
42402 | r | 8 | 9 10 11 13 | 12
42480 | r | 13 14 15 16 17 | 1 2 3 4 5 6 7 8 9 10 11 12 18 19 20 21 22 23 24 25 26 27 | 28 29 30
42565 | r | 6 7 | 1 2 3 4 5 8 9 10 11 | 12
42569 | r | 5 6 7 | 1 2 3 4 | 8 9 10 11
4258 | r | 3 4 | 1 2 | 5
42580 | r | 3 4 | 1 2 5 6 7 8 9 10 11 12 | 13
42753 | r | 1 2 3 | 4 5 6 7 8 9 10 11 12 | 13 14
42849 | r | 1 | 2 3 4 5 6 7 8 9 10 | 11
42862 | r | 1 2 3 4 5 6 7 8 9 10 11 12 | 13 | 14
42903 | r | 5 | 1 2 3 4 6 7 8 9 | 10 11
42971 | r | 1 | 2 3 4 5 | 6 7
43110 | r | 20 21 | 1 2 4 5 6 7 8 9 10 11 12 13 14 15 16 17 18 19 22 23 24 25 26 27 28 29 30 31 32 33 34 35 36 39 40 41 42 | 37
43274 | r | 22 | 21 23 24 25 26 27 28 29 30 31 | 32 33
43314 | r | 10 11 12 13 | 1 2 3 4 5 6 7 8 9 14 15 16 17 | 18
43328 | r | 5 | 1 2 3 4 6 | 7 8
4339 | r | 6 | 1 2 3 4 5 7 8 | 9 10 11 12
43470 | r | 20 | 13 14 15 16 17 18 19 | 21 22
43517 | r | 23 | 16 17 18 19 20 21 22 | 24 25
43548 | r | 12 | 13 14 15 16 17 18 21 | 19 20
43631 | r | 6 7 | 1 2 3 4 5 | 8
43663 | r | 4 5 | 1 2 3 6 | 7
43670 | r | 5 | 1 2 3 4 | 6 7
43681 | r | 4 5 6 7 8 10 11 | 1 2 3 | 13 14
43684 | r | 8 9 | 10 11 12 13 14 | 15
43690 | r | 3 4 | 1 2 5 | 6 7
43691 | r | 3 | 2 4 5 6 7 8 9 | 10
43703 | r | 5 | 1 2 3 4 6 7 8 9 | 10
43711 | r | 3 | 4 5 6 7 8 10 | 9
43724 | r | 20 | 18 19 21 22 23 24 25 | 17
43734 | r | 9 10 11 12 | 6 7 8 13 14 17 | 15 16
43741 | r | 6 7 | 5 8 11 | 9 10
43748 | r | 5 | 1 2 3 4 | 6
43771 | r | 10 | 1 2 3 5 6 7 8 9 11 12 13 16 17 18 | 14
43801 | r | 11 12 | 10 13 14 15 18 | 16 17
43827 | r | 1 2 3 | 4 5 6 7 8 10 | 9
43858 | r | 3 | 1 2 4 5 6 7 8 9 10 11 12 | 13
43868 | r | 6 7 8 9 | 11 | 10
43878 | r | 25 26 | 19 20 21 22 23 24 29 | 27 28
43883 | r | 7 8 | 2 3 4 5 6 10 | 9
43887 | r | 1 | 2 3 4 5 | 6 7
43907 | r | 13 14 15 16 | 8 9 10 11 12 | 17 18
43940 | r | 11 | 17 | 16
43975 | r | 1 2 | 3 4 | 5
44050 | r | 8 9 10 11 | 7 14 | 12 13
44119 | r | 1 2 3 4 | 5 6 7 8 9 | 10
44149 | r | 17 18 | 16 19 20 22 | 21
44161 | r | 1 2 | 3 4 | 5
44177 | r | 1 2 3 | 4 5 6 7 8 9 10 11 12 13 14 15 18 19 20 21 22 23 24 25 26 | 16 17
44276 | r | 4 | 10 | 9
44303 | r | 14 | 16 18 15 | 17
44402 | r | 1 2 3 | 4 | 5
44408 | r | 9 10 | 8 11 12 13 14 | 15
44511 | r | 5 6 | 1 2 3 4 7 8 9 | 10 11
44613 | r | 17 | 19 | 18
44614 | r | 18 | 13 14 15 16 17 19 20 21 | 22
44636 | r | 8 9 10 | 1 2 3 4 5 6 7 11 12 13 14 18 19 20 21 22 23 24 25 | 15 16
44697 | r | 9 | 10 11 12 13 14 15 16 17 18 19 20 21 22 25 | 23 24
44810 | r | 1 2 4 5 6 7 8 9 10 | 12 13 14 15 16 17 18 19 20 | 21 22
44860 | r | 1 2 3 4 | 5 6 7 8 9 10 11 12 13 14 | 15 16
45021 | r | 1 2 | 3 4 5 6 | 7 8
45145 | r | 6 7 | 1 2 3 4 5 8 | 9
45269 | r | 3 4 5 | 1 2 6 7 9 10 11 12 15 16 17 18 19 20 | 13
45301 | r | 1 3 | 6 7 8 9 10 11 12 14 15 16 17 18 19 20 21 25 26 27 28 29 30 31 32 33 34 35 36 37 38 39 40 41 | 22 23
45432 | r | 8 | 1 2 3 4 5 6 7 9 10 11 12 13 14 15 16 17 18 19 20 21 | 22
45447 | r | 3 4 | 1 2 | 5
45448 | r | 3 4 | 1 2 | 5 6 7 8 9 10 11
45512 | r | 3 | 1 2 4 5 6 7 | 8
45543 | r | 8 9 10 11 12 | 1 2 3 4 5 6 7 13 16 17 18 19 20 | 14 15
45646 | r | 4 | 1 2 3 5 6 7 8 9 10 11 13 | 12
45656 | r | 3 4 5 | 1 2 6 7 8 9 10 11 12 13 14 15 16 17 18 19 20 21 22 | 23
45660 | r | 22 24 26 27 | 29 30 | 31 32
45728 | r | 4 5 | 1 2 3 6 7 8 9 10 11 12 | 13
45881 | r | 6 | 1 2 3 4 5 7 | 8
45980 | r | 9 | 10 11 12 13 14 15 16 17 18 19 20 21 22 24 26 | 23
46016 | r | 1 | 2 3 4 5 6 7 8 9 10 11 12 13 14 15 16 17 | 18
46021 | r | 3 | 1 2 4 5 6 7 8 11 12 13 14 15 16 18 19 20 21 22 23 24 25 26 | 9
46028 | r | 2 | 3 9 10 11 12 13 14 | 4 5 6 7
46040 | r | 1 2 3 5 6 7 8 | 9 10 11 12 13 14 15 16 | 17 18
46043 | r | 2 3 4 | 5 6 | 7 8
46084 | r | 4 5 6 | 3 7 8 10 | 9
46095 | r | 7 8 9 | 10 11 12 13 16 | 14 15
46099 | r | 23 24 25 | 13 14 15 16 17 19 20 21 22 26 27 | 28 29
46153 | r | 26 | 1 2 3 4 5 6 7 8 9 10 11 12 13 15 16 17 18 19 20 21 22 23 24 25 27 29 | 28
46159 | r | 5 6 | 1 2 3 4 7 9 11 12 13 | 8
4618 | r | 4 | 8 | 7
46185 | r | 1 | 2 3 4 5 | 6
46194 | r | 1 2 | 3 4 5 6 7 8 9 | 10 11
46242 | r | 6 7 8 | 1 2 3 4 5 9 10 | 11 12
46244 | r | 16 17 18 | 14 15 19 20 21 24 25 26 27 28 29 30 31 32 33 34 35 36 37 38 | 22 23
46251 | r | 21 | 32 33 34 35 36 37 38 39 42 | 40 41
46252 | r | 10 11 12 | 18 19 20 21 22 23 24 26 27 31 | 29 30
46331 | r | 1 | 2 3 4 5 | 6 7
46406 | r | 12 13 | 11 14 15 | 16 17 18
46430 | r | 1 2 3 4 6 7 8 10 11 12 14 15 16 17 18 19 | 21 22 23 | 24 25
46437 | r | 14 15 | 1 2 3 4 6 7 8 9 10 11 13 17 18 | 16
46438 | r | 30 31 | 32 35 28 29 | 33 34
46455 | r | 30 | 32 33 34 35 36 39 31 | 37 38
46469 | r | 1 2 | 3 | 4 5
46477 | r | 7 8 | 1 2 3 4 5 6 12 13 14 15 16 17 | 9 10
46516 | r | 25 26 | 32 23 24 27 28 29 | 30 31
46524 | r | 10 | 11 12 13 | 14
46527 | r | 5 6 7 8 9 11 13 14 15 | 1 2 3 4 16 17 | 18 19
46544 | r | 4 5 6 | 11 | 10
46559 | r | 26 27 | 24 25 30 | 28 29
46567 | r | 12 13 14 | 11 | 15 16
46599 | r | 18 19 20 21 | 17 24 | 22 23
46703 | r | 28 | 27 31 | 29 30
46706 | r | 13 14 15 | 16 17 18 19 22 | 20 21
46734 | r | 6 7 8 9 10 11 | 1 2 3 4 5 | 12 13
46762 | r | 3 | 1 2 4 5 6 7 8 9 10 13 14 15 16 17 18 19 20 21 | 11
46874 | r | 12 13 | 1 2 3 4 6 7 8 9 11 14 | 15 16
46995 | r | 11 | 1 2 3 4 5 6 7 8 9 10 | 12
47002 | r | 2 4 5 6 7 | 1 9 10 11 12 13 14 15 | 16
47135 | r | 18 19 20 21 22 23 | 15 16 17 25 26 | 24
47165 | r | 4 | 12 | 11
47175 | r | 20 21 | 10 11 12 13 15 16 17 18 19 25 | 22 23
4726 | r | 4 | 1 2 3 5 6 7 8 9 10 11 15 16 17 18 19 20 21 22 | 12 13
47381 | r | 3 | 1 2 | 4
47475 | r | 18 19 | 16 17 20 21 22 23 24 | 11 12 13 14 15
47481 | r | 10 | 11 12 13 14 15 16 19 | 17 18
47490 | r | 11 12 | 13 14 15 16 17 18 19 20 21 22 23 24 25 27 | 26
47544 | r | 25 | 34 20 21 22 23 24 26 27 28 29 31 | 33
47545 | r | 13 | 12 14 15 16 17 19 | 18
4755 | r | 6 | 4 5 7 8 9 10 | 11
47553 | r | 14 15 16 | 1 2 3 4 5 6 7 8 9 10 11 12 20 21 | 18 19
47571 | r | 6 | 1 2 4 7 8 9 | 10 11
47615 | r | 1 2 | 3 4 | 5
47654 | r | 3 4 5 6 7 8 | 11 | 9 10
4779 | r | 13 | 1 2 3 4 6 7 8 9 10 12 14 15 16 17 20 21 22 23 24 25 26 27 | 18
47803 | r | 3 | 1 2 4 5 6 7 8 9 10 11 | 12
47804 | r | 6 7 | 8 9 10 11 12 13 14 15 19 20 21 22 23 24 25 | 16 17
47852 | r | 6 7 | 4 5 8 9 | 10
47874 | r | 47 | 48 49 50 51 54 | 52 53
47879 | r | 14 | 16 18 19 20 22 24 25 26 27 30 | 28 29
47904 | r | 21 | 20 22 | 23 24 25 26 27
47984 | r | 18 | 15 16 17 21 | 19 20
47985 | r | 15 16 | 1 2 3 5 6 7 8 9 11 12 13 14 17 18 19 20 21 22 | 23
48061 | r | 26 27 | 23 24 25 28 29 | 30
48065 | r | 7 | 5 6 8 9 12 | 10 11
48072 | r | 40 41 | 42 44 | 43
48075 | r | 1 2 3 4 5 6 7 8 | 9 10 | 11 12
48077 | r | 3 4 | 1 2 5 6 7 8 9 10 11 14 | 12 13
48088 | r | 13 14 | 1 2 3 4 6 7 8 9 10 12 18 19 20 21 22 23 25 26 27 28 29 30 31 32 33 34 35 36 37 38 | 15 16
48104 | r | 1 2 3 4 5 6 7 8 9 | 11 12 13 14 15 16 | 17 18
48128 | r | 10 11 | 8 9 13 | 12
4814 | r | 1 2 3 4 | 5 6 7 8 | 9 10
48175 | r | 7 | 8 9 10 11 13 15 16 17 19 | 18
48177 | r | 6 | 1 2 3 4 5 7 8 9 10 11 12 | 13
48300 | r | 59 60 61 | 64 63 | 62
48348 | r | 22 24 25 26 27 28 29 30 31 33 | 34 35 | 36
48368 | r | 7 | 8 9 10 16 | 11 12 13 14 15
48382 | r | 3 4 5 | 1 2 6 7 11 12 13 14 15 16 17 18 19 20 21 22 23 | 8 9
48386 | r | 7 8 9 10 11 12 13 14 15 | 3 | 4 5
485 | r | 19 | 18 20 23 | 21 22
48502 | r | 1 3 4 5 6 7 8 9 | 11 12 13 14 15 16 17 18 | 19
48521 | r | 11 | 12 13 14 15 16 17 18 19 20 21 23 24 | 22
48540 | r | 23 | 32 34 36 39 40 41 44 45 46 24 25 26 27 28 29 30 31 | 33
48549 | r | 13 | 10 11 12 14 15 16 17 20 | 18 19
48555 | r | 19 | 17 18 20 21 22 23 24 | 25 26
4857 | r | 19 | 21 | 20
48571 | r | 1 2 3 4 5 6 | 7 8 9 12 | 10 11
48615 | r | 13 | 1 2 3 4 5 6 7 8 9 11 12 14 | 15 16
48625 | r | 3 4 5 6 | 2 9 | 7 8
48706 | r | 4 5 | 3 6 7 8 9 | 1 2
4874 | r | 4 5 | 1 2 3 6 7 8 | 9
48783 | r | 21 22 | 8 9 10 11 12 13 14 15 16 17 19 23 25 | 24
48787 | r | 9 10 | 12 13 | 11
48794 | r | 15 | 1 2 3 4 5 6 7 9 10 11 12 13 16 | 17
48805 | r | 18 | 1 2 3 4 5 6 8 9 10 11 12 13 14 15 17 19 20 21 22 23 | 24
48864 | r | 7 8 9 | 1 2 3 4 5 6 10 11 12 13 14 15 16 | 17
48865 | r | 27 28 | 34 24 25 26 29 30 31 | 32 33
48873 | r | 15 16 | 1 2 3 5 6 7 8 9 10 11 12 13 14 17 18 19 22 23 24 25 26 27 28 29 30 31 32 | 20
48877 | r | 11 12 13 14 | 9 10 15 16 17 18 19 | 20
48895 | r | 1 | 2 3 4 5 6 | 7 8
48943 | r | 1 | 2 4 5 6 7 | 3
48992 | r | 1 2 | 3 4 5 6 7 | 8 9
49002 | r | 6 7 8 9 10 11 12 13 14 | 1 2 | 3 4
49026 | r | 22 | 32 35 20 21 23 24 25 26 27 28 30 | 33 34
49041 | r | 23 24 | 33 34 25 26 27 28 29 30 31 | 32
49069 | r | 17 | 18 19 20 21 22 23 24 25 26 27 30 | 28 29
49084 | r | 6 7 8 9 10 | 1 2 3 4 5 11 12 13 14 | 15
49210 | r | 1 | 2 6 7 8 9 10 11 12 13 14 15 16 17 18 19 20 | 3 4
4931 | r | 1 | 2 3 4 5 6 10 11 12 13 14 15 16 17 18 19 20 | 7 8
49332 | r | 5 6 | 4 7 8 9 10 11 12 13 14 15 16 17 | 18 19
49335 | r | 5 6 7 8 10 11 12 13 14 15 16 | 3 4 | 1 2
49353 | r | 9 10 | 8 11 12 13 14 15 16 19 | 17 18
49355 | r | 13 14 15 | 5 6 7 8 9 10 11 12 18 | 16 17
49359 | r | 9 | 10 11 12 13 14 15 16 19 | 17 18
49391 | r | 17 18 | 24 | 23
49412 | r | 11 | 9 10 12 13 14 15 16 19 20 21 22 23 24 25 26 | 17
49435 | r | 8 9 10 | 7 11 12 14 | 13
49475 | r | 4 | 1 2 3 5 | 6 7 8 9
49481 | r | 1 2 3 4 | 5 6 7 8 9 10 11 14 15 | 12 13
49495 | r | 8 | 7 9 10 11 12 14 | 13
49536 | r | 18 19 | 1 2 3 4 6 7 8 9 10 11 12 13 14 15 16 21 | 20
4957 | r | 4 5 6 8 9 10 11 13 15 | 1 2 3 17 18 | 19
49594 | r | 6 7 8 9 10 12 13 14 15 16 17 18 19 20 | 1 2 3 4 5 22 23 24 25 26 | 27
49627 | r | 4 5 6 | 8 | 7
49654 | r | 12 | 1 2 3 4 5 6 7 8 9 10 11 15 16 17 18 19 20 21 22 | 13
4970 | r | 1 2 | 3 4 5 6 10 11 12 14 15 16 17 | 7 8
49715 | r | 8 9 10 | 11 12 13 14 15 16 17 18 19 21 22 | 20
49823 | r | 9 | 10 11 12 13 | 14 15
49855 | r | 22 23 | 1 2 3 4 5 6 7 8 9 10 11 12 13 14 15 16 17 18 19 20 21 26 27 28 29 30 31 32 33 34 35 36 37 38 | 24
49863 | r | 18 19 20 | 1 2 4 5 6 7 8 9 11 12 13 15 16 17 21 22 23 26 27 28 29 30 31 32 33 34 35 36 | 24
49994 | r | 14 | 15 16 17 18 19 22 23 | 20 21
49996 | r | 1 2 3 4 5 6 | 7 8 | 9 10
5018 | r | 7 | 1 2 3 6 8 9 10 11 | 12
50276 | r | 7 | 1 2 3 4 5 6 8 9 | 10
50326 | r | 5 6 7 8 9 10 11 12 | 1 2 3 4 | 13 14
50332 | r | 4 | 1 2 3 | 5 6 7
50351 | r | 5 6 | 1 2 3 4 7 8 9 10 11 12 13 14 15 19 20 21 22 23 24 25 26 27 28 29 30 31 32 33 34 35 36 37 38 40 41 42 43 44 45 46 48 49 50 | 16 17
50367 | r | 7 8 9 | 1 2 3 4 5 6 | 10 11
50373 | r | 12 13 14 | 1 2 3 4 5 6 7 8 9 10 11 | 15
50389 | r | 3 | 1 2 4 5 6 7 8 9 10 11 | 12
50391 | r | 1 | 2 3 5 6 7 8 | 10 11
50394 | r | 24 | 25 26 | 27
50406 | r | 13 | 14 15 18 | 16 17
50411 | r | 14 | 10 11 12 13 16 18 19 20 21 22 23 24 | 15
50458 | r | 4 5 6 | 1 2 3 | 7 8
50469 | r | 7 | 8 9 | 10 11
5063 | r | 1 2 3 4 5 6 7 8 9 | 10 | 11
5289 | r | 5 6 | 1 2 3 4 7 | 8 9
5320 | r | 1 2 | 3 4 5 6 7 8 9 10 11 | 12 13 14 15 16
5355 | r | 17 | 15 16 18 21 22 23 | 19
5360 | r | 8 | 9 10 11 14 | 12 13
538 | r | 6 7 8 9 10 11 12 13 14 15 16 | 1 2 3 | 4
5457 | r | 26 | 1 2 3 5 6 7 8 9 11 12 15 16 17 18 19 21 22 24 25 27 28 29 30 31 32 33 34 35 | 36
5477 | r | 3 4 | 1 2 5 | 6
5504 | r | 5 | 1 2 3 4 6 7 8 10 11 12 13 14 15 16 17 18 19 20 21 22 23 25 26 27 28 29 30 31 32 33 34 35 36 37 38 | 9
5518 | r | 6 7 9 10 11 12 15 16 17 18 19 20 21 23 24 26 27 28 30 31 33 34 35 36 37 38 | 1 2 3 4 5 40 41 42 43 44 45 46 47 48 50 51 52 53 | 49
560 | r | 18 | 32 19 20 21 22 24 25 27 28 29 | 30 31
565 | r | 7 8 9 10 11 12 13 14 15 16 18 19 | 6 21 22 23 24 25 27 | 26
567 | r | 8 9 10 11 | 1 2 3 4 5 6 12 13 14 | 15
5672 | r | 4 | 13 | 12
5692 | r | 27 28 | 36 | 32 33 34 35
5704 | r | 3 4 5 6 | 1 2 7 8 9 10 11 12 13 14 15 16 17 18 19 20 21 | 22 23
5731 | r | 7 8 9 10 11 12 13 | 1 2 3 | 4 5
574 | r | 2 | 4 5 | 6
5748 | r | 10 11 | 7 8 9 15 16 17 | 12 13
585 | r | 4 | 1 2 3 | 5
5910 | r | 11 12 | 13 14 15 16 17 18 19 20 21 25 | 22 23 24
5959 | r | 25 26 27 | 1 2 3 4 5 6 8 9 10 11 12 13 14 15 16 17 18 19 20 21 22 24 28 29 | 30 31
597 | r | 5 | 1 3 4 6 | 7 8
6002 | r | 11 12 13 | 3 4 5 6 7 8 9 10 15 | 14
6043 | r | 4 | 5 6 7 8 9 10 11 12 13 15 | 14
6045 | r | 2 3 4 | 5 6 7 8 9 10 11 15 16 17 18 19 20 21 22 23 24 25 | 12 13
6046 | r | 8 9 10 12 13 14 15 16 17 18 19 20 |  | 19 20
6157 | r | 10 | 11 12 13 14 | 15 16
6205 | r | 6 7 8 | 1 2 3 4 5 9 | 10 11
6209 | r | 7 8 10 11 12 13 | 6 17 | 15 16
6266 | r | 4 | 1 2 3 5 6 7 | 8
631 | r | 1 2 4 | 6 7 8 9 | 10 11
6483 | r | 9 10 | 8 11 12 13 14 15 16 18 | 17
6692 | r | 8 9 10 11 | 12 13 15 16 | 14
6861 | r | 23 | 16 17 18 19 20 21 22 | 24 25 26 27 28
6874 | r | 21 | 20 22 23 24 27 | 25 26
6901 | r | 24 | 18 19 20 21 22 23 25 26 27 29 | 28
6902 | r | 4 5 6 7 | 1 2 3 8 9 | 10 11
6910 | r | 23 | 24 25 26 29 | 27 28
6927 | r | 7 | 8 5 6 | 9
6971 | r | 10 | 2 3 4 5 6 7 8 9 | 11
698 | r | 1 | 2 3 4 7 | 5 6
6994 | r | 10 11 | 1 2 4 5 6 7 9 | 12
7002 | r | 1 2 3 4 5 6 | 7 8 9 | 10
7037 | r | 3 4 | 1 2 5 6 7 8 9 10 11 12 | 13 14 15
7114 | r | 10 11 12 | 2 3 4 5 6 7 8 9 13 15 16 18 19 20 22 23 | 25
7118 | r | 2 3 | 4 5 6 7 8 9 10 11 12 13 14 15 16 17 18 20 | 19
7225 | r | 14 | 12 13 15 16 17 19 | 18
7237 | r | 17 18 | 19 20 21 22 23 | 24 25
7293 | r | 1 3 4 5 | 7 | 8 9 10 11
7307 | r | 11 12 13 14 | 10 17 | 15 16
7336 | r | 5 6 | 1 2 3 4 10 11 12 13 14 15 16 17 18 19 20 21 22 23 24 25 26 | 7 8
7345 | r | 2 | 1 3 4 5 8 10 11 12 13 14 15 16 17 18 | 6 7
7347 | r | 5 6 7 8 | 9 10 11 12 13 14 15 18 | 16 17
738 | r | 3 | 1 2 4 5 | 6
740 | r | 10 11 12 13 14 | 1 2 3 4 5 6 7 8 9 15 16 17 18 19 20 22 | 21
7420 | r | 1 2 3 4 | 5 6 7 8 9 13 14 15 16 17 18 19 20 | 10 11
7428 | r | 5 6 7 8 | 1 2 3 4 | 9 10
7454 | r | 9 | 7 8 10 11 12 13 14 15 16 17 18 19 20 21 22 25 | 23 24
7466 | r | 5 6 7 8 | 1 2 3 4 11 12 13 | 9 10
7468 | r | 20 21 22 | 17 18 19 23 24 26 | 25
7472 | r | 20 | 19 21 22 23 24 28 29 30 31 32 33 34 36 37 38 39 40 41 42 43 | 25 26
7472 | r | 29 30 | 36 39 | 37 38
7509 | r | 3 | 1 2 4 5 | 6 7
7514 | r | 2 3 4 | 5 9 10 | 6 7
7516 | r | 11 | 12 13 14 15 16 19 | 17 18
7521 | r | 1 2 3 | 4 5 6 7 10 | 8 9
7524 | r | 2 3 | 1 4 5 6 7 8 12 13 14 15 16 17 18 19 20 21 | 9 10
7555 | r | 23 25 26 27 | 33 34 35 36 37 38 39 40 28 29 | 30 31
7580 | r | 14 | 8 9 10 11 12 13 16 17 | 15
7647 | r | 15 16 | 1 2 3 4 5 6 7 8 9 10 11 12 14 19 | 17 18
765 | r | 5 | 1 4 6 7 8 9 10 | 2 3
7677 | r | 6 7 | 1 2 3 4 5 9 10 12 13 14 16 17 18 19 20 21 22 24 | 25
7690 | r | 8 9 10 | 1 2 3 4 5 6 7 12 | 14 15
7694 | r | 15 | 16 17 18 19 20 23 | 21 22
7697 | r | 31 | 32 33 34 35 38 | 36 37
7747 | r | 4 5 | 1 2 3 6 7 8 9 10 11 12 | 13 14
7757 | r | 9 | 7 8 11 12 13 14 15 16 17 18 19 21 | 20
7846 | r | 13 14 15 16 | 1 2 4 5 6 7 8 9 10 12 17 18 19 20 | 21 22
7987 | r | 1 2 | 3 4 5 6 10 11 12 13 14 15 16 | 7 8
817 | r | 4 5 6 7 | 1 2 3 8 9 10 | 11
855 | r | 13 14 15 17 19 20 | 21 22 23 24 25 26 27 28 29 30 31 32 33 34 35 37 | 36
938 | r | 17 19 21 | 16 22 23 26 | 24 25
970 | r | 4 5 | 1 2 3 6 7 8 9 13 14 15 16 17 18 19 21 22 23 24 25 28 30 31 32 33 | 10 11
986 | r | 1 2 | 3 4 5 6 7 | 8 9
